# Unresolved TESS candidates
# 5107 unique TIC IDs
2876
4711
17361
23111
47667
56884
160023
808243
857186
909930
1018843
1042432
1103432
1122079
1260235
1449640
1525480
1942969
2093349
2507547
2685481
2758565
2760219
3027681
3224605
3233861
3364732
3680800
3728481
3808740
3840990
3896759
4102368
4165850
4464022
4486230
4598935
4605846
4619242
4729001
4843495
4959676
5045948
5224772
5364106
5370009
5485318
5592720
5709314
5724439
5868998
5966772
5972036
6010784
6276559
6404965
6499453
6764171
6785559
6853696
6898572
7274938
7413227
7422496
7439480
7561203
7562528
7583660
7681574
7976072
8005485
8416274
8516795
8621049
8853478
8988289
8995204
9030119
9032367
9100874
9136777
9151337
9166136
9216075
9344899
9346507
9376973
9392421
9441591
9701368
9707944
9828416
9833284
9858404
9907513
10313047
10485639
10487354
10507330
10593553
10792081
10827386
11034516
11417087
11521555
11894726
11927677
11936042
12061971
12090836
12423815
12938488
12980264
12999193
13023378
13036318
13419950
13424053
13533330
13574009
13684720
13737885
13883872
13961554
14029793
14091633
14091704
14156936
14165625
14203588
14435301
14440334
14570132
14709225
14715294
14956304
15460993
15654898
15863518
16076354
16264917
16538820
16550540
16552586
16740548
16776356
16884216
17122808
17129975
17385917
17457400
17538423
17555760
17652022
17683158
17896514
17925767
17932757
18016577
18019350
18021087
18023524
18067025
18373995
18794442
18795429
19025965
19117967
19447218
19519368
19547831
19560484
19612445
20069685
20203297
20299658
20318757
20375215
20579360
20607624
20897611
21035365
21101556
21119973
21130820
21132157
21279791
21291176
21349099
21505121
21549805
21720215
21747057
21997420
22038430
22069559
22121296
22186226
22384839
22452837
22560356
22659404
22683951
22705558
22712134
22730066
22740615
22903436
22972676
23059280
23124038
23170835
23179035
23229805
23435610
23638678
23725901
23740089
23814735
23815847
23863105
23912656
23937608
23961340
23982469
24113219
24499407
24615998
24695044
24833662
24837152
25004866
25030847
25139786
25154148
25212199
25334160
25472026
25758870
25773352
25799609
25911962
25959926
26018819
26046851
26051436
26305150
26390980
26406123
26469462
26587613
26693519
26865340
26880783
26999884
27194429
27230283
27294830
27414976
27459498
27476314
27863043
27966179
28116365
28242530
28294709
28872266
28945511
28961316
29017001
29054413
29069242
29105766
29106627
29119552
29169215
29191596
29385858
29418536
29430403
29505837
29780740
29781207
29821723
29831208
29848696
29918916
29919341
29953537
29959760
30016082
30037565
30122649
30254887
30300445
30499203
30791047
30825828
30828562
30853470
30853990
30947715
31054498
31142436
31258738
31515092
31553893
31605271
31634579
31637479
31786438
31852980
31943299
31975443
32004914
32046665
32090583
32260988
32296259
32443914
32460142
32497972
32498058
32677675
32925763
33091590
33159936
33227166
33303538
33350443
33397739
33651215
33716474
33831980
33840683
33911302
33945661
34266522
34297761
34395020
34499178
34524670
34646336
34729329
34737413
34781378
34977731
34980970
34986694
35106764
35285308
35483319
35582553
35636165
35652085
35758536
35855047
35972578
35973654
36022284
36227841
36381058
36452991
36607746
36646052
36718161
36808091
37075377
37089434
37117064
37150278
37240067
37291237
37754672
37862966
38118291
38161230
38399060
38460940
38467100
38509907
38510224
38541473
38571020
38584799
38603673
38680052
38696105
38939275
38965512
39018923
39080923
39143128
39174810
39200363
39218269
39464158
39516274
39573090
39724477
39824732
39858507
40083958
40093986
40466976
41067039
41387532
41839508
41995709
42054565
42110638
42484503
42763678
43276438
43333094
43429656
43475220
43604949
43868600
43921512
44161614
44295981
44313455
44388479
44451202
44510874
44514807
44621795
44631965
44647437
44764338
44791617
44797824
45034406
45048546
45054849
45191604
45296362
45299834
45368525
45376816
45492609
45655786
45881495
45896295
45905504
45996325
46104747
46307587
46627476
46631742
46698351
46774573
46807139
46999289
47094691
47132361
47132480
47143972
47220926
47244580
47248224
47316976
47319867
47423120
47425697
47482754
47525799
47587394
47601197
47617161
47720259
47762924
47937361
48018596
48031665
48210046
48220826
48253329
48274889
48476908
48661942
48768158
48806546
49045066
49046332
49066806
49079670
49411575
49524528
49771092
50120414
50211272
50312495
50379036
50575306
50592053
50745119
50751260
50909831
50989813
51094586
51768374
51830822
51912829
51992761
52052461
52059926
52204645
52260140
52280468
52307802
52315301
52420398
52517713
52555068
52738649
52745699
52869977
52928939
52936161
52976395
53047383
53122063
53287554
53307409
53365065
53394475
53461742
53481079
53593542
53596439
53617134
53709089
53744258
53843023
53874375
53875855
54141697
54145416
54238138
54272884
54391400
55266835
55275863
55363630
55450156
55488511
55559618
55778666
55849732
55871761
55967712
56096837
56457123
56630436
56655478
56662591
56798909
56999883
57011946
57047535
57093805
57147191
57159675
57193198
57299130
57694405
57753734
57793060
58372253
58461209
58463434
58472992
58533991
58723861
58726656
58798731
58858008
58997701
59128183
59351345
59369068
59490344
59536337
59537824
59575189
59582240
59744366
59770954
59842822
59845928
60189629
60377863
60446303
60491424
60520371
60527976
60542708
60646268
60768923
60859922
60984804
61109252
61145589
61344769
61520064
61621800
61687533
61988212
62085710
62501513
62676654
62682198
62740096
62867537
63082902
63100069
63190194
63232997
63303430
63307816
63470437
63550960
63586213
63659057
63698669
63717709
63718617
63735024
63844530
64071894
64198376
64214215
64250123
64282927
64334960
64837857
64938667
65212867
65416038
65440953
65446983
65737977
65805840
65845738
65905621
65949719
65981892
66091052
66151343
66242670
66266024
66286602
66296167
66413476
66445643
66497310
66545173
66620917
66726479
66788350
67031480
67181830
67196266
67196573
67246795
67300566
67349298
67395329
67418624
67444896
67478724
67517533
67535663
67566164
67598139
67622702
67630845
67711670
67743054
67772767
67782629
67798337
67881560
68030406
68035559
68074302
68081952
68345291
68388114
68443254
68453985
68523365
68573534
68646526
68808155
68850908
68893269
69028091
69054388
69068526
69295263
69436501
69819610
69995219
70420766
70435923
70514245
70678449
70780410
70785910
70797900
70897115
70914192
71013298
71083829
71088556
71221700
71268730
71341774
71345362
71347873
71459120
71512186
71581518
71612483
71674064
72090501
72097808
72123144
72212948
72214252
72401290
72494421
72504017
72504752
72542131
72542944
72556406
72668830
72806004
72889156
72985822
73038411
73082014
73250068
73310180
73433128
73560357
73692250
73729607
74274839
74389253
74484423
74530173
74534430
74712191
74881311
74967390
75076261
75171363
75522633
75580659
75589027
75697959
75744886
75784122
75919790
76032342
76193403
76228620
76545118
76663549
76706043
76731445
76761591
76798849
76835246
76882795
76894548
76899250
76989773
77175217
77253676
77258176
77258279
77437543
77490011
77527511
77550515
77680373
77951245
77958378
78290597
78441371
78489364
78601408
79030066
79292541
79316101
79431527
79605791
79660831
79920467
79930628
79971247
80137654
80166433
80224448
80384677
80429950
80432617
80439101
80567842
80611440
80681136
80682484
80711765
80713983
80778619
80783538
81055189
81077799
81089255
81178747
81212289
81247877
81419525
81593515
81597356
81693792
81744640
81808065
81831095
81963214
82128636
82452140
82508808
82598822
82622707
82739585
83148519
83154030
83180637
83299322
83395136
84599716
84788795
85031598
85113291
85216969
85242435
85266608
85281192
85284138
85292615
85429139
85459171
85791385
86021841
86075481
86273567
86419190
86898676
86951294
87090944
87091417
87405719
87422071
87827371
87873211
87932853
88101924
88114177
88266880
88385463
88460991
88485645
88507544
88529975
88565745
88641387
88684250
88760990
88840705
88863718
88865512
88929544
88977253
88996391
88999533
89014296
89043973
89062142
89256802
89362689
89389197
89417257
89544985
89617284
89659632
90048949
90127880
90156362
90669930
90767677
90853136
90935909
90935995
90950296
91101364
91251292
91287873
91324328
91481801
91697121
91777086
91794828
92004082
92217989
92359852
92363023
92439980
92443533
92562123
92590258
92677094
92744152
92880568
92992033
93093765
93862917
94011343
94012094
94346376
94405787
94483093
94609570
94727308
94823134
95079513
95122849
95191643
95234976
95337971
95361530
95415033
95423778
95512789
95574586
95589845
95709395
96055535
96074951
96165095
96170689
96317115
96475638
96736412
96829917
96885837
96925186
96948338
96973930
97165413
97248423
97249514
97279971
97486178
97588014
97669493
97714451
97715482
97825640
97866515
97925605
98159959
98620619
98662211
98728690
98753307
98833877
98957720
99025225
99081059
99097200
99493790
99572130
99648579
99654378
99796664
99834321
99896567
99989903
100014359
100097716
100099031
100263315
100264497
100474173
100589633
100608026
100683605
100757807
100769500
100780304
100909102
100921768
100974694
101133275
101225566
101230735
101272159
101348333
101520163
101569583
101588793
101592219
101643582
101696403
101948569
101961987
102030574
102159710
102195674
102542376
102672709
102719996
102808276
102846772
102848207
103096524
103183399
103195323
103448870
103605399
103633672
103832313
104153474
104208182
104734832
104986789
105135774
105379013
105616091
105759569
105840719
106224627
106626059
106829921
106940971
107017977
107018378
107090327
107340585
107440797
107506563
107617930
107776260
107779737
107782586
108748840
108940329
110110529
110738386
110795273
110828766
110996418
111108561
111741396
111778581
112026224
112037211
112110888
112115898
112316665
112989868
113117112
113542042
113648563
113804153
114011911
114018671
114181798
114422211
114516994
114600571
114947483
115182469
115270627
115451738
115453244
115457180
115508409
115583726
115623434
115628210
115683877
115739057
115771549
115899725
115942852
116048097
116262653
116382006
116483734
116631353
116668723
116848450
117072799
117174065
117772549
117789567
117799904
117843365
117885024
117892246
117938087
117979455
117979850
118072143
118084044
118327533
118329434
118339710
118406995
118573065
118586896
118603213
118754987
118820486
118914286
118963720
119069946
119089245
119130170
119131709
119178132
119290630
119448220
119556803
119638424
119700084
119925436
119950057
119973835
120033290
120045750
120051913
120101789
120115768
120183168
120313529
120487017
120523488
120540061
120737368
121070864
121194926
121338379
121341000
121560868
121625070
121990418
122418622
122522333
122613513
122629761
122695048
122706449
122798633
122881136
122981686
123007594
123041007
123133954
123234747
123357034
123365281
123462119
123627908
123664207
123702439
123846039
123898871
123958679
124128680
124146529
124174267
124183167
124206468
124235800
124322274
124453339
124454726
124491883
124515764
124573902
124617560
124895104
125260728
125366299
125367522
125424836
125442121
125489084
125520907
125552076
125563127
125695940
125735470
125744840
126125073
126225595
126322519
126325149
126572546
126737992
126797048
126864892
126982221
126982911
127012328
127115861
127226712
127229631
127328218
127426341
127505658
127895118
127957099
128127712
128135100
128168083
128449971
128531633
128558444
128790976
129004637
129108133
129198098
129372561
129458276
129637892
129711632
129756316
129839175
129890791
130087198
130295375
130349701
130415266
130797885
130948731
130958848
130981260
131025778
131034657
131195882
131250246
131312528
131347421
131348451
131419624
131730580
131743355
132313173
132314633
132611413
132766482
132963419
133107143
133129971
133331642
133334108
133427311
133512515
133655284
133849258
133850380
134183038
134221850
134404603
134471108
134528212
134551640
134596619
135036669
135100529
135267558
136122328
136274063
136504576
136992839
136998882
137020480
137420801
137843225
138126035
138225319
138329479
138344895
138475192
138588540
138609069
138671052
138727432
138733600
138762614
138820713
138973825
139086171
139148528
139198430
139251123
139314045
139350191
139357541
139444326
139445453
139445621
139507260
139550876
139559780
139707575
139771134
139877968
139879080
140019355
140067837
140068425
140190514
140284353
140287227
140687214
140706833
140740440
140760434
140893722
140938327
141074654
141141249
141186075
141202786
141275395
141279435
141363913
141395223
141458054
141522677
141524447
141527579
141527965
141574742
141608198
141677268
141762491
141768070
141770198
141933255
142019343
142053623
142087638
142105158
142117976
142171554
142378043
142385671
142405475
142420436
142530031
142562395
142618165
142628514
142635225
142711195
142739544
142757891
142784687
142785421
142868621
142908390
142914189
142916753
142938659
143008050
143009290
143059017
143072696
143168991
143257768
143271144
143282930
143410850
143526233
143642240
143687316
143724857
143842198
143934343
143994382
144000801
144006874
144037593
144077896
144124187
144125079
144155193
144276942
144297844
144301052
144301273
144310492
144321743
144327080
144336525
144401492
144441148
144467913
144486060
144628120
144645881
144682439
145023816
145038729
145163386
145204443
145249556
145804834
145879095
145904365
145910571
146165619
146172354
146282666
146406806
146413471
146438872
146467673
146523262
146589986
146664561
146776480
146841337
146842334
147034452
147092818
147125706
147193084
147203645
147284470
147302550
147425389
147430118
147437399
147456499
147561732
147660886
147723246
147761049
147804034
147821208
147857396
147890655
147892178
147923561
147951030
147994863
148004811
148106497
148129139
148228019
148273668
148322608
148478039
148479278
148497855
148514918
148667071
148679712
148691985
148772620
148782377
148833828
148883384
148914726
148960849
149010208
149022647
149109125
149179763
149301575
149302744
149349867
149389419
149394317
149450435
149496868
149572298
149577217
149585119
149745822
149788158
149833117
149855074
149917086
149989864
149990841
149995163
150006846
150063444
150074121
150167117
150271800
150299840
150320610
150388393
150424946
150428703
150429313
150430484
150437346
150470555
150476057
150531994
150559728
150761163
150901009
150902766
150907983
151284882
151681127
151760597
152005053
152147232
152245179
152326573
152467154
152477897
152563846
152569268
152800085
153077621
153412485
153696322
153723304
153725446
153896150
153937417
153949511
153971295
153976959
153978165
154014059
154067753
154105890
154126149
154181821
154258295
154264903
154304816
154351773
154353849
154383539
154400369
154437244
154474036
154480367
154563411
154568734
154576989
154616309
154618248
154716798
154741689
154762431
154796579
154814765
154840461
154869806
154923406
154926644
154940895
155001079
155012162
155093420
155258153
155351556
155369758
155419920
155873992
155898758
155949264
155993822
156002449
156007004
156016136
156075294
156172268
156199502
156215204
156377968
156512187
156514476
156716001
156724719
156887426
156949982
156987351
156990000
156999527
157011920
157050713
157081737
157088184
157115010
157127081
157213708
157218656
157225097
157572174
157655504
157667414
157768969
157769780
157808355
158022899
158075010
158167408
158276040
158323182
158325942
158381418
158497525
158552665
158617175
158657991
158697949
158845573
158978373
159084486
159104028
159107668
159117779
159160230
159262969
159303995
159332859
159400561
159438097
159671133
159815224
159851831
159893748
159989004
160003961
160004025
160037058
160039081
160075684
160077104
160103855
160162137
160165689
160180298
160222069
160223936
160255140
160328683
160347548
160428500
160432093
160440924
160442729
160476088
160487753
160491359
160512852
160521907
160522555
160585062
160618074
160652910
160930264
161003569
161169240
161223358
161247580
161299119
161477033
161479081
161568891
161687285
161738745
162093661
162130054
162179096
162289289
162362398
162387333
162577468
162620529
162631539
162695785
163029327
163030461
163164300
163260812
163262555
164150537
164249928
164260243
164280385
164695417
164783371
165201455
165312726
165317334
165337974
165412561
165413340
165414210
165431806
165468291
165527918
165530380
165554103
165625229
165667705
165682741
165723070
165763244
165827520
165885558
165948070
165965790
165985431
165989915
166053959
166054851
166086403
166099360
166145361
166178400
166220082
166242494
166495921
166671025
166778944
166834768
166851829
167085203
167092385
167165932
167303382
167337562
167342439
167403519
167415965
167418903
167573692
167597352
167600516
167631701
167654347
167656187
167661160
167714124
167714792
167719618
167720788
167804011
167905035
168158622
168191686
168384845
168405330
168449943
168751223
168936945
169191182
169448297
169448771
169958952
170221808
170367033
170368805
170405772
170434745
170440216
170466784
170627138
170789802
170889511
171160243
171160885
171312653
171599496
171646471
171886633
171922657
172033454
172193428
172222885
172353721
172463434
173002823
173176491
173260345
173298412
173612049
173615288
173640199
173671381
173706852
173711153
173818213
173824688
173979859
174041208
174070181
174206540
174302697
174426662
174546820
174599051
174826170
175176327
175193677
175317833
175456679
175477257
175482273
175532955
175604949
176082442
176148945
176242778
176279915
176442805
176604975
176780257
176789447
176796997
176797879
176860064
176861415
177033137
177077336
177079323
177115354
177162886
177244357
177254988
177257073
177258735
177308364
177391159
177414713
177494632
177697418
177712122
177718896
178170828
178215634
178266267
178577607
178657161
178739678
179230828
179308757
179319057
179442778
179580045
179687771
179715231
179739873
179985715
179987678
180145006
180285396
180575165
180607846
180652891
180672438
180931993
180989820
181159386
181208298
181304295
181422954
181748381
182078202
182405015
182992572
183593642
183675732
184295571
184468386
184521624
184527843
184531966
184733148
184739529
184801054
185598695
185620819
186292194
186459119
186470510
186470968
186530554
186541435
186547153
186614891
186707229
186715217
186810676
186815660
186936449
186989177
187333348
187416256
187495749
188001223
188128470
188389305
188500604
188539008
188646744
188668950
188800346
188814758
188865842
189013224
189097100
189300053
189322727
189852832
190223929
190250689
190479710
190643105
190721237
190822775
190986054
190990336
191202679
191496430
191671884
191928543
191998744
192003741
192014454
192076548
192259856
192321638
192415680
192487723
192833836
192878624
192943720
192969211
192976435
192982424
192988021
193023697
193081156
193220940
193413306
193482096
193556520
193754373
193765661
193773468
193782529
193979250
194076601
194203348
194234471
194461202
194679333
195155818
195187769
195192253
195256633
195483731
195606729
195750008
195933415
196066560
196201652
196261799
196286578
196351790
196389062
196474344
196973090
197039766
197598125
197604890
197642926
197743152
197807043
197807778
197808753
198077394
198161914
198162530
198178505
198178859
198185513
198186769
198187049
198189972
198206613
198212955
198213332
198358065
198360694
198456933
198458010
198512478
198610218
198725468
199289712
199296714
199417958
199488690
199572211
199610140
199676274
199712572
199721945
199731190
199949052
200001699
200090347
200296137
200320748
200321577
200435203
200465781
200606159
200606486
200743403
200775844
200803270
200805484
200917197
201254754
201292545
201508515
201658484
201660996
201793781
201899356
202059363
202087931
202185707
202282233
202283090
202375913
202425357
202504234
202514659
202563254
202648961
202869426
202872757
202941251
203096531
203144354
203287192
203377303
203476998
204496071
204671232
204698337
205044976
206352378
206361691
206474443
206609630
206669860
206686292
206717400
206763148
206785987
206897186
206906112
206947218
207081058
207237016
207238953
207277638
207334420
207339000
207425167
207425203
207439380
207463446
207491214
207937389
207981861
208091447
208151094
208297760
208719443
208772468
209054294
209310912
209320688
209408136
209707800
209923610
209935997
210169818
210441429
210445631
210629725
210681065
210873792
210904767
211352962
211446495
213111428
213875310
214218272
214243287
214361331
214515989
215018906
215595454
216925130
216935214
217838717
217933560
217980791
218354669
218483943
218988652
219089784
219108677
219113246
219175972
219181903
219187649
219195044
219225319
219229644
219253008
219306934
219332978
219338557
219345200
219431828
219436394
219462190
219466784
219485050
219489550
219499488
219501568
219506608
219508169
219697927
219701535
219707850
219728669
219742885
219762508
219769290
219776325
219778329
219803922
219809549
219824470
219847787
219866209
219875976
219879302
219924802
219978369
220068921
220139435
220144363
220414682
220459826
220459976
220460087
220475245
220524097
220547837
220599411
220621072
221566773
221656234
221785300
221861843
221882319
222485202
224217761
224271611
224279091
224293782
224297408
224298134
224299081
224328450
224596152
224603921
224635135
228507250
228694725
229111835
229138584
229167359
229172128
229210014
229408913
229465678
229490898
229508727
229581160
229586455
229605578
229605891
229608594
229618478
229639351
229671380
229713401
229715760
229750058
229781583
229786610
229787062
229811538
229888286
229938290
229940491
229944666
230006888
230013442
230017324
230064711
230075227
230084146
230087585
230087765
230088370
230129753
230290708
230292034
230375747
230377505
230386259
230387153
230388132
230840853
230856987
230980206
230982415
231063955
231065398
231071138
231076038
231077395
231081369
231157209
231289421
231297123
231337271
231451287
231559817
231630147
231721005
231721006
231728511
231833236
231850364
231912935
231937059
231937828
231949697
232025086
232052748
232079930
232131043
232139628
232194097
232399986
232567319
232603560
232624234
232628532
232632239
232635922
232641326
232650365
232971294
233009109
233047097
233053554
233066156
233068569
233070717
233071822
233071926
233078665
233120979
233173039
233182695
233188747
233194447
233211762
233266582
233266797
233287217
233409941
233415701
233462817
233465389
233500935
233529335
233533589
233535738
233576159
233617847
233633993
233654042
233680651
233688779
233719215
233721037
233735354
233747840
233788275
233795794
233823679
233855268
233867481
233951353
233953967
233964642
233964924
234009062
234160911
234187289
234330672
234345288
234388232
234489133
234489976
234519192
234527228
234540647
234595543
234603808
234832821
234958949
235015217
235037761
235057120
235072851
235077268
235078021
235283051
235300016
235333495
235448190
235664497
235684964
235711993
235717158
235901733
235902467
235905185
235937532
235943205
236158940
236632480
236638487
236644754
236714379
236785891
236815160
236817690
236934268
236934937
237015185
237019002
237071229
237077180
237086564
237097499
237099296
237108775
237201858
237204346
237205154
237211410
237221436
237332812
237358490
237362186
237405551
237406657
237552878
237603062
237632488
237637903
237664324
237700098
237736186
237770757
237885040
237909527
237914496
237920046
237924601
237928815
238004786
238012337
238020894
238059180
238061845
238086647
238124845
238164799
238171173
238197638
238239232
238279960
238317637
238335094
238394308
238506223
238542895
238586172
238606535
238624131
238751619
238854767
238898571
238914510
238920875
238932509
238959233
239134248
239159011
239198720
239361732
239529652
239542854
239585909
239628993
239823606
240450679
240535286
240714633
240849748
240864953
240959810
240989628
241040309
241062925
241076290
241135327
241173474
241196395
241225337
241297273
241326434
241442273
241514551
241525834
241569046
241577487
241592217
241638905
241752370
242120884
242190195
242389810
242532142
242674266
243011228
243030574
243187830
243208884
243280335
243297296
243313296
243335710
243464977
243476396
243550555
244161191
244170332
244487927
244912396
245027119
245099574
245341495
245349211
245665919
245728942
245793479
247166992
247172524
247180220
247283054
247283596
247356332
247409676
247518629
247906954
247912728
248058363
248092710
248387177
248391319
248434716
248434780
248650906
248655096
248655556
248689510
248690688
248769312
249776059
249884767
249945230
250189842
250306572
250330564
250478345
250724252
250803548
250839071
250983039
251039147
251090642
251094370
251111783
251186192
251384275
251594291
251652214
251705938
251743761
251803342
251852984
251855940
251878904
251894891
252045206
252049912
252071095
252118701
252430813
252469648
252474634
252481136
252490659
252549844
252585354
252610172
252616865
252851803
252876117
252912175
252913663
252928337
253044312
253054954
253126207
253434221
253728991
253788533
253857911
253864764
253917292
253961767
254141733
254142310
254174907
254209017
254296853
254301731
254909777
255560319
255588086
255685030
255704097
255735567
255756918
255768108
255780160
255865833
255907107
255909950
255928426
255998336
256046749
256124756
256154857
256158543
256326844
256418577
256429408
256561562
256576519
256584532
256778317
256783400
256783784
256867493
257056367
257067559
257207557
257241363
257467784
257520272
257531677
257562160
257922326
258037656
258051471
258234731
258279359
258389327
258409964
258634801
258738570
258738667
258741560
258776466
258822347
258829450
258917846
258940847
258983679
259100469
259165246
259172391
259188347
259230140
259238498
259274960
259330386
259353953
259381479
259415341
259502942
259511357
259592689
259606227
259708416
259810421
259884973
259901731
260040728
260120451
260130483
260189643
260304296
260304800
260367888
260417932
260537454
260539542
260541432
260640693
260655847
260761464
260767135
260776145
260797169
260962960
260985861
261020738
261108236
261192051
261264800
261369656
261646133
261679541
261680542
261746870
261944532
262016897
262137985
262148317
262258341
262330063
262435954
262470965
262471759
262530780
262584907
262689575
262736264
262829328
262843259
262880065
262880826
262928973
263075864
263207857
263218688
263486257
263723781
263723967
263748033
264052454
264159776
264171144
264173803
264193444
264223828
264295655
264301607
264460009
264468702
264544388
264691112
264912889
264979636
265010875
265011923
265076459
265078278
265129950
265146266
265242905
265350422
265460043
265612438
265619984
265633507
265887000
265979849
266023807
266213232
266401846
266425782
266441563
266486214
266488971
266500992
266609407
266772500
267093376
267197567
267215820
267373896
267414551
267484403
267536225
267545252
267617257
267694283
267712001
267808774
267810289
267817947
267834862
267861788
268125229
268143410
268172361
268187322
268456052
268496304
268643535
268689126
269043098
269102377
269130683
269190305
269231011
269243313
269249506
269278156
269330087
269341832
269343479
269372232
269400980
269439355
269488987
269514008
269558487
269568703
269728501
269838674
269849065
269850928
269859655
270048796
270075071
270132709
270204383
270219048
270341214
270342589
270347814
270355392
270406298
270456887
270457662
270471065
270471727
270472265
270494650
270507305
270515566
270649648
270677031
270679144
270711339
270716565
271017537
271035369
271307949
271486001
271491157
271596225
271747067
271761420
271806353
271891552
272125414
272146465
272167060
272211398
272218608
272219353
272236017
272251987
272519426
272635712
272645619
272670038
272672133
272679240
272707711
272758199
272768631
272782321
272782368
272785423
272829240
272885406
272983172
272994016
273270473
273418421
273695332
273780062
273850708
273861354
273985865
274017513
274057129
274075364
274137295
274151135
274193763
274194927
274215536
274223601
274367763
274411493
274472658
274545328
274641986
274911400
274911536
274974693
275421144
275527293
275702126
275703182
275722992
275758701
275887811
276128561
276250096
276376289
276381737
276385231
276647494
276704866
276735500
276909255
276922692
277034534
277039287
277329402
277447970
277499689
277505161
277507814
277538491
277566483
277683130
277697921
277833423
277853911
277890574
278105308
278138619
278196907
278198753
278415929
278525028
278540265
278623780
278666476
278668358
278683844
278775625
278821913
278862750
278895705
278988097
279095914
279154795
279179610
279262080
279265701
279327604
279331929
279383896
279425357
279472966
279514271
279528230
279725262
279769094
279851358
279871772
279909537
279920478
279922257
280024247
280031353
280035202
280095254
280096473
280097543
280254984
280292434
280304556
280315875
280645209
280647591
280726137
280803800
280803917
280830734
280857321
280865159
281100535
281118572
281225729
281242007
281286325
281489322
281575427
281596890
281666033
281710229
281716779
281781375
281815702
281837575
281924357
281987399
282091492
282102605
282113152
282221346
282576340
282701278
282794970
282890159
282935857
282940781
283094471
283165117
283303192
283307274
283471501
283474780
283605976
283621618
283665218
283759999
283829553
283845022
283884522
284122875
284173938
284174392
284206913
284288093
284300833
284361752
284418751
284454822
284477310
284586930
284592754
284592989
284613259
284660935
284679064
284688043
284738182
284760740
284859630
284900292
285094173
285212983
285328782
285354178
285466025
285505979
285526706
285543785
285592400
286000547
286080865
286094277
286152207
286153328
286382849
286545058
286696849
286712787
286763141
286813592
286857537
286864983
286923515
286951368
287152495
287191183
287196418
287207371
287225295
287231664
287268770
287326127
287328202
287444302
287494667
287584141
287591638
287643871
287721202
287768299
287776397
287863314
287934343
287948915
287959034
288132261
288162228
288224503
288242606
288348498
288428649
288434231
288471046
288516853
288612903
288631580
288636342
288636599
288671122
288953761
289047954
289076007
289100911
289114603
289164482
289218489
289264348
289307883
289313987
289345412
289373041
289389326
289445553
289481977
289535142
289574465
289590465
289666986
289895191
289931756
290036495
290263093
290302491
290308758
290337456
290388627
290403522
290407621
290415036
290504044
290777444
291013124
291016451
291109653
291198795
291332861
291465998
291469139
291471222
291517604
291580615
291668351
291857895
291976834
292023054
292202337
292221593
292349703
292469572
292477426
292852583
292889298
293267224
293407882
293432942
293514367
293547742
293617835
293743169
293880523
293931909
293949992
294097592
294179385
294295243
294309873
294324819
294350792
294365631
294385899
294394558
294395926
294434193
294471966
294497466
294594423
294668702
294691204
294768072
294781547
294904059
294981566
295093397
295233473
295312916
295507430
295541511
295562522
295593712
295947393
296327387
296354161
296461391
296670796
296737508
296780789
296850254
297148017
297361900
297413553
297457992
297668572
297853363
297924888
297950791
298070500
298074043
298164705
298189225
298189384
298206077
298264260
298291597
298297931
298308533
298372701
298428237
298437387
298600443
298647682
298658399
298729646
298752252
298776943
298829544
298897095
298946836
298981199
299023386
299176311
299551666
299780329
299801675
299897516
299945285
300204369
300293197
300381700
300579472
300604770
300654938
300710077
300868410
301035553
301160638
301247383
301248781
301281965
301343785
301414902
301455423
301623068
301624989
301900477
301986302
301991463
302003748
302054555
302173245
302201081
302202317
302212110
302305400
302333151
302381397
302381442
302419660
302453291
302470965
302477411
302518439
302527524
302759417
302798365
302895184
302908969
302924206
302976834
303030789
303204165
303317324
303327435
303385111
303426966
303456821
303502327
303523128
303586471
303617735
303686889
303814029
304085024
304100538
304130406
304339227
304363215
304426002
304430662
304514922
304690618
304695574
305026599
305048116
305375697
305492348
305612552
305767364
305790119
305830609
305948428
306039307
306204904
306248357
306249066
306255021
306337838
306338882
306357884
306363166
306401382
306472057
306485267
306510653
306512967
306604742
306663205
306772292
306903715
306990399
307036187
307079330
307099276
307201632
307221757
307232923
307320565
307366709
307375528
307456716
307610438
307716123
307734818
307849973
307888842
307915084
307951656
307956397
308010949
308120029
308191940
308208458
308300731
308301091
308396509
308504559
308522539
308612785
308613965
308692360
308778563
308883808
308987429
308994098
309133240
309254930
309257814
309292963
309439436
309512152
309791156
309849817
309913305
310009611
310094771
310105752
310231275
310262516
310266243
310294189
310380289
310497279
310537530
310586478
310728245
310822679
310854881
310994622
311086350
311116297
311130133
311179742
311239796
311252710
311271011
311284709
311292015
311441461
311565540
311703724
311736478
311856080
312030014
312083267
312289279
312345863
312508092
312543349
312548829
312612366
312678993
312689217
312811620
312862941
312991501
313006381
313194972
313408643
313425396
313453776
313554509
313609787
313671132
313835568
313889049
313922260
313975346
314013231
314088020
314193010
314375831
314649737
314835525
314865962
314992600
315096343
315117300
315120585
315350812
315398848
315907220
316038054
316138059
316236118
316416562
316453500
316468545
316652224
316769613
316875094
317019074
317089588
317089770
317132251
317134140
317170536
317189702
317252733
317290270
317328621
317362389
317417916
317483660
317546777
317594531
317801157
317849098
317882327
317924729
318071201
318180448
318413374
318491006
318668441
318756174
318796593
318812447
318828309
318836983
318937509
319259194
319294834
319312479
319473643
319482278
319568619
319568755
319610598
319684122
319806044
319855425
319932686
319949055
320079492
320208949
320281287
320324079
320327056
320341952
320503729
320505267
320541238
320847025
320994166
321011127
321011198
321041369
321069529
321086563
321250206
321258259
321578632
321688498
321785052
321790238
321802774
321861405
321894059
321982642
322046084
322054600
322062001
322063810
322160664
322262448
322270620
322369867
322498101
322504451
322593401
322807675
322818151
322824542
322825139
322901324
323002911
323022088
323132914
323194443
323250919
323295479
323295908
323407659
323569398
323966987
323980895
324116813
324150445
324422520
324426685
324609409
324609476
325081244
325275736
325410269
325468685
325527653
325647810
325653071
325682877
325765282
325908483
326116570
326203952
326327260
326386495
326475995
326522874
326662822
326809267
327004130
327093061
327126871
327249454
327301957
327302178
327341626
327579226
327917279
327996774
328012209
328325110
328350926
328502522
328814605
328933398
328934980
329346586
329373799
329609449
329672278
329691586
329821992
329888006
329921262
329981856
330014070
330135981
330218897
330424797
330637910
330665027
330795142
330799746
330885564
330944099
331146317
331160996
331297805
331456189
331619598
331644554
331691841
331854794
332017079
332314607
332365162
332383229
332393279
332477926
332496784
332564140
332579116
332657786
332660150
332705008
332710679
332715376
332860211
332880327
332887363
332911893
333324340
333511802
333607525
333674399
333734769
333810741
333814134
334080358
334125713
334252687
334305570
334380435
334385701
334394274
334414389
334482103
334493051
334632624
334757798
334798754
334811204
334981118
335037151
335040423
335499997
335540507
335624180
335655755
335661164
335681838
335813325
335813590
335860261
335952150
336072306
336075472
336092760
336125492
336126253
336255880
336264393
336399144
336613507
336691874
336740528
336824844
336840314
336961891
337025682
337216118
337217173
337385330
337647366
337648770
338065029
339207264
339207847
339503267
339857675
339961200
340144218
340228388
340458804
340559155
340624586
341005781
341157650
341299943
341405597
341420329
341630071
341815197
341872729
342167886
342276668
342314656
342343963
342375120
342449055
343330330
343336312
343717397
343726435
343774169
343952976
344034178
344130921
344140617
344552721
344568128
344745774
344855300
344927749
345009464
345056639
345143460
345193111
345205395
345329200
345450130
345596003
345645749
345697569
346015394
346077232
346081845
346154016
346667887
346673534
346855283
346859243
346929661
346972413
346995484
347013211
347051112
347210614
347332255
347357977
347469901
347538174
347553438
347715478
347944406
348099535
348297468
348437470
348477542
348501452
348538431
348684814
348756659
348770361
348899056
348995212
349071261
349088467
349312122
349408306
349410350
349440621
349503728
349518800
349582831
349677805
349789882
349829627
349891396
349966879
349986198
350023518
350024178
350033870
350043412
350064389
350132371
350230694
350268913
350299588
350432166
350575997
350584963
350733403
350821320
350861689
350882505
350931281
350934357
351077390
351599985
351603103
351652998
351864831
352107384
352147273
352151292
352229268
352239069
352284958
352301423
352409708
352438619
352442207
352469839
352690548
352764091
352892371
353038705
353146308
353225230
353302490
353361266
353498819
353782445
353807936
353893493
353960022
354031707
354032153
354173595
354293303
354478327
354489554
354517490
354518617
354519019
354727907
354742440
354832924
354846183
354937825
355008856
355058141
355096431
355138852
355418639
355446093
355449539
355509914
355600246
355637190
355640518
355655412
355748785
355796887
355800238
355895977
355953198
356016119
356146869
356158613
356200601
356206412
356311210
356322454
356472238
356539624
356590734
356682805
356700488
356710041
356736743
356747847
356786657
356822426
356835341
356871098
356916207
356921678
356978132
356990855
357048995
357145112
357202877
357244603
357299852
357312511
357347296
357373216
357634632
357661805
357801293
357858008
357872559
357896777
357956179
358111035
358164738
358248442
358253047
358289302
358340733
358460246
358557578
358579111
358613376
358838026
358938714
358975793
359321688
359357695
359388309
359403471
359426909
359469754
359523751
359572563
359629653
359735804
360142739
360221713
360224870
360473750
360475034
360706000
360714300
360816296
360822008
361154154
361176558
361218772
361219651
361344753
361403927
361413119
361467239
361710792
361944563
362026280
362032529
362103298
362111691
362222177
362223355
362370757
362607799
362709886
363029616
363040636
363083571
363202582
363259409
363417404
363632843
363661031
363749415
363914762
364007087
364072092
364074068
364192929
364267778
364393429
364427226
364431259
364571121
364955057
365021641
365447203
365509373
365554300
365673804
365938305
366074071
366115856
366120401
366248595
366298702
366302410
366311757
366315051
366316586
366409685
366443576
366499151
366527844
366564164
366580825
366698929
366725641
366754985
366755319
366804698
366846982
366972162
367193046
367193060
367267217
367425982
367434266
367439938
367522211
367616146
367630162
367710318
367739494
367753709
367900542
368184695
368320811
368628986
368678195
368713985
368734712
369062542
369336146
369345064
369376388
369457671
369474541
369477998
369532319
369768787
369789627
369861728
369907772
369960846
369965258
370009806
370010846
370123525
370138999
370385007
370907864
370981403
371164829
371470493
371573539
371596277
371676181
371864043
371909591
372048733
372068780
372077289
372178596
372207084
372264750
372392226
372424377
372443687
372448111
372596795
372730331
372747949
372757221
372758077
372759746
372817671
372818426
372831381
372852036
372960748
373017346
373017793
373033374
373196394
373612558
373816781
373844472
373894336
374095457
374122973
374155286
374158843
374173310
374348168
374350678
374521355
374741750
374800835
374829238
374908396
374919956
374997123
375059587
375116172
375192273
375223080
375297961
375419034
375542276
375654303
375850439
375855364
375981105
376036292
376209245
376354189
376421071
376454594
376610581
376632626
376645976
376688393
376765646
376800517
376847633
376866659
376867898
377097547
377240984
377253700
377297285
377771417
378159598
378227267
378291076
378390325
378613125
378708888
378860702
378976682
379240073
379286801
379717270
379824738
380528770
380671216
380775661
380783252
380836882
380884709
380886534
381360750
381360757
381448973
381468938
381544766
381591826
381714186
381789320
381897917
381979901
381982417
381996371
382045742
382068562
382187347
382200986
382258844
382259755
382419744
382463648
382521776
382625239
382688257
382975217
382980571
383214426
383216635
383299778
383313006
383358873
383364626
383410746
383531543
383645563
383721338
383806208
383828887
383829317
383949205
384016413
384034837
384159646
384244834
384299730
384386062
384513078
384709136
385157401
385312460
385332171
385400633
385459345
385654601
385658469
385796857
385858569
386131764
386161311
386197662
386456916
386620582
386772576
387193925
387259626
387260717
387275908
387294150
387295547
387318409
387318486
387329912
387330895
387346503
387377484
387401076
387409975
387414814
387416841
387423096
387515920
387527174
387544178
387791274
387844266
387933822
387974148
388089437
388106759
388130237
388198242
388202128
388280249
388371132
388393034
388505345
388816604
388898854
388934707
389040826
389070884
389421473
389753172
389777651
389910188
389924075
389968080
390021939
390151888
390207998
390410937
390444761
390723664
390988385
391090520
391510223
391645374
391900348
391904697
392022763
392027961
392064198
392319808
392674549
392914193
392995938
393196631
393298446
393340920
393412295
393546540
393633044
393853275
393965778
394126269
394223845
394338713
394346647
394346745
394443982
394492339
394570569
394672497
394691478
394698182
394721720
394900138
394924803
395142888
395143000
395214388
395385033
395514100
395790368
395926728
396234347
396246765
396316939
396356111
396368313
396378209
396556650
396649769
396720998
396723723
396731435
396794358
396813816
396896334
396932137
396935099
396950329
397053253
397058826
397231954
397423462
397522142
397653875
397763985
397924314
398038296
398099429
398371628
398466662
398502253
398725538
398736713
398945279
399058051
399195246
399346877
399571743
399724238
399757537
399789568
399847887
399868187
399871011
400073524
400093502
400093775
400103802
400235555
400381085
400430915
400432230
400491269
400503123
400515645
400683848
400712525
400762242
400899926
400968492
400972123
401028336
401283491
401509690
401704685
401952328
401980624
402027382
402053027
402219289
402319411
402391147
402828941
402992891
403135192
403136415
403340402
403347341
403368444
403405969
403507814
403693870
403911354
404227343
404488903
404506270
404516402
404713783
404715325
404898080
404970821
405122173
405230669
405255920
405269313
405425498
405428714
405452527
405454160
405485201
405532603
405542683
405559035
405571798
405620289
405689470
405700729
405763009
405788729
405837291
405897415
405932063
406106335
406140233
406236094
406318573
406361982
406495245
406548952
406634633
406672232
406684949
406726743
406783172
406861922
406926040
406976746
407059875
407127579
407135911
407156755
407166076
407243316
407313319
407495930
407517154
407653728
407658979
407694390
407772585
407827885
407905370
407922734
407958640
407997410
408094424
408114363
408137826
408231638
408261725
408317165
408416746
408469564
408506314
408508003
408548144
408609355
408643099
408656366
408743161
408809625
408824640
409009431
409207712
409264172
409315469
409594381
409796937
409896170
409934330
410094645
410119093
410159011
410303247
410314178
410358456
410372968
410449566
410450228
410552165
410554986
410774020
410901394
411343008
411463659
411731278
411781649
411796826
411930845
411943564
411955845
412054152
412371819
412386707
412485680
412521892
412635642
412666676
412828754
412887082
413343957
413372087
414019147
414919755
414922696
415084429
415143674
415276070
415377888
415399713
415443327
415461195
415732733
415739607
415875608
415969908
415976665
416195843
416195870
416368336
416486384
416534875
416542079
416739490
417047499
417129824
417514666
417564823
417676091
417829948
417844678
417942201
418012030
418133917
418184767
418255064
418262301
418298773
418301643
418343229
418375357
418471116
418471796
418543326
418567812
418629890
418981325
419029830
419092044
419148828
419503191
419524589
419738713
419840740
419877797
419878733
419878932
419957314
419957393
420016507
420018238
420049884
420051632
420108587
420112217
420114036
420174131
420177051
420191136
420202798
420268415
420369105
420383981
420529106
420680343
420829332
420962989
421005422
421006834
421056636
421184129
421330229
421336001
421455387
421894914
421951960
421973253
421990278
422031406
422037524
422159302
422217860
422223456
422385684
422423972
422457210
422486295
422514153
422554579
422656370
422707559
422881018
422884521
422912527
422914082
422923265
423128096
423360793
423393242
423445163
423666115
423670610
423672208
423785115
423903016
424112727
424388628
424391516
424733642
425316308
425508314
425706173
425934411
426032475
426122272
426122503
426144112
426319499
426448042
426471754
426901646
426904354
426956677
427041513
427153307
427320001
427508467
427578289
427715152
427730490
427740976
427765233
427855645
427866520
428003305
428251130
428317266
428673146
428703516
428767018
428812049
428867906
428892437
428963229
428988981
429036977
429123881
429218084
429501231
429791387
430093142
430099722
430406538
430415564
430431091
430666395
430751891
430845815
430930679
431016234
431033767
431114892
431216437
431514478
431660224
431693152
431810418
431838716
431871952
431899136
431971818
431981595
432078760
432114158
432132155
432224130
432280671
432467894
432758245
432761635
433144048
433546897
434086605
434105094
434105231
434110695
434116397
434171113
434171145
434186655
434260570
434270112
434373518
434428836
434477274
434486077
434496663
434813314
435259601
435336785
435680451
435719275
435740442
435851868
435871546
435878153
435934762
436007113
436102447
436166416
436222251
436314778
436508469
436637677
436652523
436764867
436843539
436875993
437054764
437144507
437215469
437253811
437259571
437329044
437560683
437736517
437756191
437774844
437786834
437984134
438057373
438073782
438149332
438170612
438260486
438278301
438298111
438329568
438368981
438376091
438412198
438519486
438629686
438777551
439381274
439444938
439512298
439598736
439618305
439873430
439926641
439939258
439942982
439943973
440001383
440150441
440186528
440324561
440562226
440624788
440636649
440775339
440849210
440872576
440937096
441012828
441075486
441076258
441122551
441135051
441155146
441158994
441159680
441234277
441444262
441453629
441572821
441580526
441587756
441589581
441590110
441600335
441614965
441642457
441658213
441697509
441730540
441736986
441739871
441763252
441797394
441797803
441798995
441804533
441936163
442050698
443115574
443127052
443199889
443213925
443341002
443534757
443582629
443607377
443666343
443823169
443961200
444159424
444209952
444290896
444394183
444558604
444724127
444753130
444842193
445144327
445145355
445276138
445370101
445392860
445407434
445456888
445496795
445522339
445582110
445795465
445807396
445837596
445946478
445990611
446135868
446157122
446158352
446166017
446370039
446463666
446524637
446684383
446918603
447054140
447088034
447192619
447206604
447585233
447593267
447891218
447976172
448098793
448358913
448435566
448536355
448688668
448744179
448775221
448820344
448923766
449107129
449257028
449491381
450012972
450308271
450308346
450337675
450649506
451084885
451254008
451538240
451566438
451606970
451645081
452049244
452281203
452375478
452464529
452508760
452576848
452658846
452727513
452741216
452743735
452810326
452837676
452864692
452867348
452903647
452920657
452938965
452964680
452973397
453009027
453060368
453100296
453105377
453260209
453348525
453387619
453396346
453410966
453452264
453668803
453677947
453942180
454038613
454224694
454361389
454828937
454876465
454918388
455030519
455033897
455153906
455272393
455727012
455733237
455737331
455791689
455947620
456130294
456171328
456260074
456306892
456335739
456367532
456401439
456482025
456560485
456574511
456783397
456787558
456844391
456910600
456962262
456971986
457018819
457039843
457104362
457110913
457202957
457268255
457272901
457337619
457446242
457649900
457789844
458027465
458199018
458300989
458331312
458342769
458424950
458458156
458481611
458615187
458641144
458647887
458686504
458686969
458890024
458987621
458995583
459021929
459102737
459157691
459189798
459215281
459604398
459735346
459755750
459836041
459837008
459913687
459947163
459969957
459970307
459982699
460316238
460686828
460950389
461136782
461491274
461547946
461635621
461867584
461968320
462072242
462135459
462162948
462206806
462372373
462507821
462553953
462615350
462808933
463011281
463070290
463103749
463343283
463365347
463402815
463469906
463508231
463590116
463754499
463781038
463868678
464280516
464326872
464328419
464388115
464445045
464481762
464542805
464544047
464593883
464658144
464711858
465176038
465275307
465540915
465933345
466113537
466167563
466222485
466682238
466890210
466928064
466966249
467153319
467158766
467211520
467265105
467484304
467580267
467602108
467615239
467649533
467666275
467684543
467690903
467931774
467955232
468055102
468148930
468178519
468329664
468350765
468396217
468433454
468501184
468692991
468765355
468777766
468832904
468880077
468889418
468911753
468979441
468981993
468983280
468997317
469008497
469212332
469333534
469523613
469523619
469702377
469782185
469791892
469810663
469811655
469813927
469821652
469967533
470127886
470156846
470159478
470169396
470450936
470653603
470678283
470724594
470749725
470783598
470822809
470898625
470987100
470990157
620780629
627323667
628103717
647636934
648958344
666567477
701926762
704012376
742648307
801354155
802227190
841226526
860207014
900240532
900715901
941340744
950525831
952046774
1101855081
1234810324
1271152446
1551345500
1712954983
1715469662
1716467085
1718201850
1813844121
1870990135
1881298619
1884091865
1980725947
1989628303
1990842033
2010186093
