# TIC target list built from tess_toi.csv
# 7622 unique targets
2876
4711
17361
23111
47667
56884
160023
808243
857186
909930
1003831
1018843
1042432
1103432
1122079
1129033
1133072
1167538
1260235
1309019
1333933
1449640
1449756
1525480
1528696
1942969
1950736
2093349
2507547
2621212
2685481
2758565
2760219
2760710
3027681
3224605
3233861
3364732
3680800
3728481
3808740
3840990
3896759
4070275
4102368
4165850
4294779
4426490
4464022
4486230
4598935
4605846
4610830
4616072
4619242
4646810
4729001
4843495
4897275
4918918
4959676
4999813
5024743
5045948
5109298
5224772
5364106
5370009
5485318
5592720
5709314
5724439
5772442
5800958
5868998
5882269
5966772
5972036
6010784
6276559
6404965
6499453
6653897
6663331
6764171
6785559
6853696
6892385
6893917
6898572
7020254
7059054
7088246
7274938
7413227
7422496
7439480
7439481
7548817
7561203
7562528
7583660
7624182
7681574
7904580
7976072
8005485
8260536
8348911
8400842
8416274
8516795
8599009
8621049
8677530
8767448
8853478
8967242
8988289
8995204
9006668
9030119
9032367
9032368
9033144
9100874
9102327
9136777
9151337
9155187
9166136
9216075
9344899
9346507
9348006
9376973
9385460
9392421
9441591
9443323
9701368
9707944
9725627
9727392
9804616
9828416
9830791
9833284
9837861
9858404
9907513
9989136
10313047
10485639
10487354
10507330
10552342
10593553
10792081
10827386
10837041
10974783
11034516
11111899
11270200
11417087
11439959
11521555
11561667
11755687
11894726
11927677
11936042
11996814
12036590
12061971
12090836
12421862
12423815
12611594
12862099
12938488
12980264
12999193
13021029
13023378
13023738
13036318
13349647
13419950
13424053
13499636
13533330
13574009
13684720
13737885
13883872
13961554
14029793
14091633
14091704
14156936
14165625
14203588
14336130
14344979
14435301
14440334
14570099
14570132
14614418
14661418
14709225
14715294
14770122
14956304
15247229
15445551
15460993
15565627
15654898
15682927
15692883
15827263
15863518
16005254
16076354
16102323
16187321
16264917
16288184
16538820
16550540
16552586
16740101
16740548
16776356
16884216
16920150
17005768
17122808
17129975
17150865
17307715
17385917
17409453
17416749
17457400
17538423
17555760
17652022
17683158
17746821
17865622
17896514
17925767
17932757
17993892
18016577
18017227
18019350
18021087
18023524
18067025
18310799
18318288
18373995
18574158
18794442
18795429
18885659
19025965
19028197
19117967
19155785
19342878
19447218
19451711
19519368
19547831
19560484
19612445
19684256
20069685
20096620
20178111
20182165
20182780
20203297
20299658
20303110
20318757
20375215
20579360
20607624
20892672
20897611
20988926
21035365
21101556
21113347
21119973
21130820
21132157
21279791
21291176
21349099
21505121
21535395
21549805
21720215
21744120
21747057
21755546
21832928
21997420
22020459
22038430
22069559
22121296
22186226
22221375
22233480
22384839
22452837
22529346
22560356
22659404
22683951
22705558
22712134
22730066
22740615
22843856
22903436
22972676
23059280
23113034
23124038
23170835
23179035
23229805
23389848
23434737
23435610
23638678
23650642
23725901
23740089
23769326
23814735
23815847
23863105
23863106
23912656
23937608
23961340
23982469
24094603
24113219
24358417
24364065
24499407
24615998
24695044
24833662
24837152
25004866
25030847
25139786
25154148
25155310
25212199
25334160
25375553
25472026
25624952
25758870
25773352
25799609
25911962
25959926
26017005
26018819
26046851
26051436
26054627
26078330
26305150
26390980
26406123
26433869
26469462
26547036
26583436
26587613
26693519
26826078
26865340
26880783
26999884
27039476
27064468
27194429
27230283
27244707
27294830
27318774
27414976
27459498
27476314
27491137
27534138
27635334
27649847
27677846
27769688
27774415
27844066
27848472
27863043
27916356
27966179
27990610
28116365
28230919
28242530
28294709
28643432
28872266
28873762
28900646
28945511
28961316
29017001
29054413
29069242
29105766
29106627
29117085
29119552
29169215
29191596
29191624
29336129
29344935
29374525
29385858
29418536
29430403
29505837
29780740
29781207
29781292
29821723
29830212
29831208
29848696
29857954
29918916
29919341
29953537
29959760
29959761
29960109
29960110
30016082
30037565
30122649
30254887
30300445
30312676
30329585
30499203
30791047
30825828
30828562
30853470
30853990
30947715
31054498
31114545
31142436
31258738
31268146
31374837
31515092
31553893
31605271
31634579
31637479
31656385
31697707
31786438
31852980
31858843
31858844
31943299
31975443
32004914
32046665
32090583
32260988
32283946
32296259
32408928
32443914
32460142
32487566
32497972
32498058
32499655
32677675
32830028
32925763
32949762
33091590
33091633
33153766
33159936
33227166
33303538
33350443
33397739
33521996
33595516
33651215
33690636
33692729
33716474
33831980
33840683
33878688
33911302
33945661
34068865
34077285
34266522
34297761
34395020
34466256
34499178
34505005
34524670
34551972
34646336
34729329
34737413
34781378
34977731
34980970
34986694
35009898
35022727
35106764
35285308
35315453
35377903
35483319
35516889
35582553
35636165
35652085
35758536
35855047
35857242
35883621
35972578
35973654
36022284
36227841
36352297
36381058
36440357
36452991
36574157
36592530
36607746
36646052
36718161
36724087
36734222
36808091
37075377
37084932
37089434
37117064
37150278
37168957
37240067
37242226
37291237
37348844
37575651
37718056
37749396
37754672
37770169
37862966
38087018
38118291
38161230
38399060
38460940
38467100
38509907
38510224
38541473
38571020
38584799
38603673
38680052
38686737
38696105
38846515
38939275
38965512
39018923
39077574
39080923
39143128
39174810
39200363
39218269
39414571
39464158
39516274
39573090
39699648
39724477
39824732
39858507
39903405
39926974
40055053
40083958
40093986
40292751
40466976
40779013
40954422
41067039
41173048
41227743
41330864
41387532
41422753
41839508
41865539
41875043
41995709
42015200
42054565
42110638
42123111
42484503
42755801
42763678
42821097
42883782
43064903
43276438
43333094
43429656
43475220
43604949
43647325
43868600
43921512
44161614
44295981
44313455
44388479
44451202
44510874
44514807
44621795
44631965
44647437
44737596
44745077
44745133
44764338
44791617
44792534
44797824
44898913
45034406
45048546
45054849
45191604
45296362
45299834
45368525
45376816
45465399
45492609
45655786
45684223
45881495
45896295
45905504
45996325
46020827
46096489
46104747
46307587
46432937
46627476
46631742
46698351
46772529
46774573
46807139
46999289
47094691
47132361
47132480
47143972
47220926
47244580
47248224
47316976
47319867
47384844
47423120
47425697
47482754
47484268
47525799
47587394
47601197
47617038
47617161
47720259
47762924
47911178
47937361
48018596
48031665
48103627
48178229
48188920
48210046
48217457
48220826
48253329
48274889
48276576
48353358
48448369
48451130
48476907
48476908
48506505
48661942
48768158
48806546
49043968
49045066
49046332
49066806
49079670
49254857
49411575
49428710
49524528
49617263
49687222
49705089
49710555
49735922
49771092
49899799
49967354
50120414
50171060
50211272
50309953
50312495
50365310
50379036
50575306
50592053
50618703
50712784
50745119
50751260
50909831
50943163
50989813
51024887
51094586
51234631
51318828
51637609
51768374
51830822
51912829
51992761
52005579
52041724
52052461
52059926
52204645
52260140
52280468
52307802
52315301
52368076
52420398
52517713
52548453
52555068
52640302
52689469
52738649
52745699
52869977
52928939
52936161
52976395
53047383
53122063
53189332
53287554
53307409
53365065
53394475
53427308
53458803
53461742
53481079
53498154
53593457
53593542
53596439
53617134
53709089
53728859
53735810
53744258
53750200
53843023
53874375
53875855
54002556
54044474
54085154
54141697
54145416
54238138
54272884
54364414
54390047
54391400
54464870
54962195
55092869
55266835
55275863
55315929
55363630
55383975
55390413
55450156
55452495
55488511
55525572
55559618
55650590
55652896
55748194
55778666
55849732
55871761
55967712
56096837
56231866
56399553
56457123
56630436
56655478
56658270
56662591
56798909
56815340
56999883
57011946
57047535
57093805
57147191
57159675
57193198
57299130
57694405
57753734
57793060
57984377
58046864
58372253
58461209
58463434
58472992
58474992
58533991
58542531
58723861
58726656
58798731
58824746
58825110
58858008
58997701
59003115
59128183
59351345
59369068
59490344
59536337
59537824
59575189
59582240
59744366
59770954
59842822
59843967
59845928
59859387
60074373
60189629
60286662
60377863
60446303
60491424
60520371
60527976
60542708
60646268
60768923
60859922
60984804
61098812
61109252
61117473
61145589
61205803
61344769
61520064
61538902
61621800
61687533
61733521
61980227
61988212
62085710
62301521
62483237
62501513
62530991
62676654
62682198
62740096
62867537
63013648
63082902
63100069
63189173
63190194
63211674
63232997
63283780
63303430
63303499
63307816
63452790
63470437
63550960
63586213
63659057
63698669
63717709
63718617
63735024
63844530
63898957
64071894
64198376
64214215
64250123
64282927
64334960
64531556
64553698
64836837
64837857
64938667
65212867
65347776
65412605
65416038
65440953
65446983
65737977
65805840
65845738
65905621
65949719
65981892
66091052
66151343
66242670
66266024
66286602
66296167
66356824
66413476
66445643
66497310
66545173
66561343
66620917
66726479
66783360
66788350
66818296
67031480
67181830
67196266
67196573
67246795
67247610
67300566
67309890
67349298
67395329
67418624
67444896
67478724
67512645
67517533
67535663
67566164
67598139
67622702
67630845
67646988
67666096
67711670
67743054
67772767
67782629
67798337
67881560
67926921
68007716
68030406
68035558
68035559
68074302
68081952
68152139
68322189
68345291
68388114
68443254
68453985
68523365
68573534
68577662
68646526
68808155
68850908
68893269
68952448
69028091
69054388
69068526
69295263
69356857
69436501
69672493
69679391
69747919
69819610
69838258
69995219
69997672
70420766
70435923
70440470
70513361
70514245
70524163
70678449
70780410
70785910
70797900
70887357
70897115
70899085
70914192
71013298
71083829
71088556
71134735
71221700
71268730
71341774
71345362
71347873
71396541
71401634
71431780
71459120
71512186
71581518
71582156
71612483
71674064
71841620
71854732
71854745
72090501
72097808
72123144
72212948
72214252
72401290
72494421
72504017
72504752
72542131
72542944
72556406
72668830
72806004
72889156
72985822
73038411
73082014
73104318
73228647
73244652
73250068
73310180
73433128
73448352
73540072
73560357
73649615
73692250
73717937
73723286
73729607
74197917
74274839
74389253
74482749
74484423
74484886
74530173
74534430
74712191
74881311
74967390
75076261
75171363
75208638
75262942
75417968
75427473
75522633
75580659
75589027
75650448
75656058
75697959
75744886
75784122
75878355
75919790
76032342
76193403
76197937
76228620
76419763
76420654
76505260
76545118
76663549
76706043
76731445
76761591
76798849
76835246
76882795
76894548
76899250
76923707
76989773
77031413
77031414
77044471
77102895
77156657
77156829
77175217
77202722
77228304
77253676
77258176
77258279
77287067
77437543
77490011
77527511
77550515
77680373
77951245
77958378
78055054
78154865
78290597
78441371
78489364
78601408
78672342
78775584
79030066
79292541
79316101
79395355
79431527
79605791
79660831
79748331
79920467
79930628
79971247
80029842
80137654
80166433
80174172
80224448
80275202
80384677
80429950
80432617
80439101
80478272
80567842
80611440
80681136
80682484
80711765
80713983
80778619
80783538
81055189
81077799
81089255
81178747
81212286
81212289
81231810
81247740
81247877
81419525
81429971
81593515
81597356
81693792
81744640
81808065
81831095
81963214
82010657
82128636
82302240
82308728
82362447
82452140
82508808
82598822
82622707
82707763
82739585
83053699
83092282
83148519
83154030
83180637
83181153
83210867
83275782
83299322
83395136
84126162
84339983
84599716
84788795
85031598
85113291
85216969
85242435
85266608
85281192
85284138
85292615
85293053
85429139
85459171
85593751
85791385
86005116
86021841
86075481
86263325
86273567
86280613
86396382
86419190
86451883
86898676
86951294
87044036
87090944
87091417
87216634
87405719
87422071
87597187
87827371
87873211
87932853
88101924
88114177
88266880
88385463
88460991
88485645
88507544
88529975
88565745
88641387
88684250
88760990
88840705
88863718
88865512
88902249
88929544
88977253
88992642
88996391
88999533
89014296
89020549
89043973
89062142
89256802
89362689
89389197
89417257
89510024
89535068
89544985
89617284
89643259
89659632
89702406
89759617
89876424
90048949
90127880
90156362
90448944
90504905
90544017
90669930
90767677
90850770
90853136
90919952
90935909
90935995
90950296
91051152
91101364
91251292
91287873
91324328
91481801
91555165
91576611
91697121
91777086
91794828
91869778
91987762
92004082
92013169
92217989
92226327
92352620
92359850
92359852
92363023
92439980
92443533
92449173
92562123
92590258
92677094
92744152
92783821
92880568
92992033
93093765
93125144
93594834
93862917
93963408
94011343
94012094
94346376
94405787
94483093
94609570
94727308
94823134
94986319
95010343
95057860
95079513
95122849
95129101
95191643
95234976
95337971
95361530
95415033
95423778
95512789
95574586
95589845
95660472
95709395
96055535
96074951
96097215
96165095
96170689
96246348
96291218
96317115
96475638
96736412
96829917
96847781
96885837
96925186
96948338
96973930
97158538
97165413
97248423
97249514
97279971
97409519
97486178
97568467
97588014
97669493
97700520
97714451
97715482
97735297
97735908
97766057
97825640
97866515
97921547
97925605
98159959
98283926
98286422
98494121
98545929
98613492
98620619
98662211
98669309
98728690
98753307
98796344
98833877
98957720
99025225
99081059
99097200
99224131
99330090
99493790
99572130
99648579
99654378
99796664
99834321
99834717
99869022
99896567
99989903
100014359
100097716
100099031
100100827
100263315
100264497
100267480
100389539
100474173
100504381
100566492
100589632
100589633
100608026
100683605
100757807
100769500
100780304
100909102
100921768
100974694
100990000
101011575
101037590
101133275
101225566
101230735
101272159
101348333
101395259
101497191
101520163
101569583
101588793
101592219
101643582
101696403
101721385
101929303
101948569
101955023
101961987
102030574
102068384
102159710
102192004
102195674
102264230
102283403
102542376
102672709
102713734
102719996
102734241
102808276
102840239
102846772
102848207
103096524
103183399
103195323
103245940
103448870
103604037
103605399
103633434
103633672
103751498
103832313
103865797
104022675
104024556
104153474
104195270
104208182
104734832
104866616
104986789
105135774
105379013
105387356
105616091
105759569
105801221
105840719
106114491
106224626
106224627
106402532
106626059
106829921
106940971
106997505
107017977
107018378
107090327
107340585
107440797
107506563
107617930
107728509
107776260
107779737
107782586
108645766
108748840
108835813
108939482
108940329
110110529
110178537
110428269
110738386
110795273
110828766
110936761
110996418
111108561
111741396
111778581
111991770
112026224
112037203
112037211
112099249
112110888
112115898
112316665
112395568
112604564
112989868
113117112
113295476
113542042
113553629
113648563
113804153
113919944
113921235
114011911
114018671
114103134
114103136
114181798
114299824
114422211
114516994
114600571
114749636
114947483
115010361
115182469
115242351
115270627
115446313
115451738
115453244
115457180
115508409
115524421
115564354
115583726
115623434
115628210
115683877
115739057
115771549
115899725
115942852
116048097
116156517
116242971
116257066
116262653
116264089
116382006
116483514
116483734
116608612
116631353
116668723
116848450
117068362
117072799
117174065
117256577
117275513
117322779
117689799
117772549
117789567
117799904
117843067
117843365
117885024
117892246
117938087
117979455
117979694
117979850
117979897
118021229
118072143
118084044
118301361
118308828
118327533
118327550
118329434
118339710
118406995
118573065
118586896
118603213
118754987
118798035
118820486
118914286
118956453
118963720
119069946
119081096
119089245
119130170
119131709
119178132
119262291
119290630
119292328
119448220
119556803
119584412
119585136
119638424
119700084
119925436
119950057
119973835
120033290
120045750
120051913
120101789
120115768
120183168
120247528
120255950
120269103
120313529
120317234
120487017
120523488
120540061
120585579
120602501
120610833
120692092
120723776
120737368
120757718
120826158
120896927
120916706
120960812
121070864
121194926
121338379
121341000
121490076
121560868
121625070
121660904
121731834
121966220
121990418
122220263
122262940
122375047
122418622
122441491
122485078
122522333
122596693
122612091
122613513
122617317
122629761
122695048
122706449
122785299
122798633
122881136
122981686
123007594
123041007
123106490
123133954
123233041
123234747
123309556
123357034
123357864
123365281
123462119
123482865
123495874
123627908
123664207
123702439
123846039
123898871
123958679
124029677
124095888
124128680
124146529
124174267
124183167
124206468
124235800
124322274
124379043
124453339
124454726
124491883
124515764
124543547
124573851
124573902
124617560
124702477
124709665
124778445
124895104
125260728
125366299
125367522
125405602
125424836
125442121
125489084
125520907
125552076
125563127
125695940
125735470
125739286
125744840
125894957
126125073
126171392
126225595
126322519
126325149
126325985
126357909
126572546
126606859
126733133
126737992
126772538
126797048
126864892
126982221
126982911
127012328
127115861
127226712
127229631
127315102
127328218
127425841
127426341
127476180
127505658
127530399
127793615
127895118
127957099
128127712
128135100
128168083
128449971
128463355
128501004
128531633
128558444
128790976
129004637
129107501
129108133
129198098
129319156
129372561
129432342
129458276
129539786
129637892
129711632
129756316
129839175
129881395
129890791
129979528
129991079
130087198
130181866
130191319
130295375
130349701
130415266
130611752
130633912
130797885
130924120
130948731
130958848
130981260
131025778
131034657
131036011
131081852
131195882
131250246
131312528
131347421
131348451
131419624
131419878
131581522
131581531
131730580
131743355
131979339
132313173
132314633
132320310
132534906
132611413
132766482
132963419
133107143
133129971
133331642
133334108
133427311
133505138
133512515
133654092
133655284
133849258
133850380
134183038
134200185
134221850
134315574
134396419
134404603
134471108
134528212
134537478
134551640
134596619
135036669
135083444
135100529
135267558
136122328
136274063
136504576
136848581
136916387
136971594
136992839
136998882
137020480
137151335
137157546
137284119
137402055
137420801
137500798
137543637
137683938
137685450
137843225
137881699
137899948
137903329
137906197
138017750
138126035
138168780
138225319
138294130
138329479
138344895
138359318
138361973
138364831
138475192
138497780
138588540
138609069
138644215
138671052
138727432
138733600
138762614
138819293
138820713
138968089
138973825
139086171
139104940
139118482
139148528
139158696
139198430
139251123
139285736
139285832
139314045
139350191
139357541
139375960
139444326
139445453
139445621
139507260
139528693
139550876
139559780
139707575
139733308
139771134
139853601
139877968
139879080
140019355
140067837
140068425
140190514
140284353
140287227
140687214
140691463
140706664
140706833
140740440
140760434
140830390
140893722
140938327
141074654
141141249
141186075
141202786
141205978
141227133
141275395
141279435
141363913
141395223
141405814
141412823
141458054
141482386
141488193
141522677
141524447
141527579
141527965
141574742
141608198
141616639
141631253
141663460
141663464
141677268
141762491
141768070
141770198
141776043
141933255
141985686
142019343
142053623
142087638
142090065
142105158
142117976
142171554
142211778
142276270
142277868
142378043
142381532
142385671
142387023
142394656
142405475
142420436
142530031
142532090
142562395
142618165
142628514
142635225
142711195
142739544
142748283
142757891
142784687
142785421
142868621
142908390
142914189
142916753
142918609
142937186
142938659
143008050
143009290
143022742
143032776
143059017
143072696
143143769
143168991
143257766
143257768
143271144
143282930
143350972
143410850
143526233
143526444
143642240
143687316
143724857
143842198
143934343
143994283
143994382
144000801
144006874
144037593
144043410
144065872
144077896
144124187
144125079
144138509
144155193
144193715
144276942
144297844
144301052
144301273
144310492
144321743
144327080
144336525
144401492
144440290
144441148
144467913
144486060
144628120
144645881
144682439
144700903
144956678
144970275
145023816
145027461
145038729
145163386
145204443
145249556
145368316
145750719
145804834
145879095
145904365
145910571
145982812
146165619
146172354
146208651
146244533
146261607
146282666
146364192
146406806
146413471
146434840
146438872
146463781
146467673
146467675
146520535
146523262
146589986
146664561
146776480
146836153
146841337
146842334
146846569
147034452
147092818
147125706
147193084
147203645
147284470
147302550
147340931
147425389
147430118
147437399
147456499
147561732
147576037
147660201
147660886
147723246
147761049
147797743
147804034
147821208
147857396
147890655
147892178
147895461
147923561
147950620
147951030
147977348
147994863
148004811
148106497
148129139
148228019
148233571
148273668
148322608
148478039
148479278
148497855
148514918
148523092
148659924
148667071
148673433
148679712
148691985
148772620
148782377
148833828
148883384
148914726
148960849
149010208
149022647
149109125
149126400
149179763
149282072
149301575
149302744
149349867
149389419
149394317
149450435
149496868
149539158
149572298
149577217
149585119
149601126
149601557
149603524
149745822
149788158
149833117
149845414
149855074
149917086
149918151
149969625
149989864
149990841
149995163
150006846
150030205
150063444
150074121
150096001
150098860
150151262
150167117
150247134
150271680
150271800
150299840
150320610
150388393
150424946
150428135
150428703
150429313
150430484
150437346
150470555
150476057
150531994
150559728
150761163
150901009
150902766
150907983
151284882
151483286
151681127
151724385
151728428
151759246
151760597
151825527
151920165
151930063
151959065
152005053
152147232
152245179
152326573
152467154
152476657
152477897
152563846
152569268
152685831
152714791
152800085
152852327
153027658
153065527
153077621
153078576
153197346
153412485
153651591
153696322
153723304
153725446
153896150
153937417
153949511
153951307
153971295
153976959
153978165
154014059
154067753
154089169
154105890
154126149
154181821
154220877
154258295
154264903
154293917
154304816
154351773
154353849
154383539
154400369
154437244
154459165
154474036
154480367
154563411
154568734
154576989
154616309
154618248
154716798
154741689
154762431
154796579
154814765
154840461
154867950
154869806
154872375
154923406
154926644
154927364
154940895
155001079
155005217
155012162
155044736
155093420
155114483
155258153
155351556
155369758
155419920
155491828
155807906
155867025
155873992
155898758
155947004
155949264
155986102
155993822
155995204
156002449
156007004
156016136
156075294
156115721
156172268
156199502
156215204
156377968
156512187
156514476
156648452
156678143
156716001
156724719
156816238
156887426
156949982
156987351
156990000
156991337
156999527
157011920
157050713
157081737
157088184
157115010
157127081
157213708
157218656
157225097
157230659
157236902
157266693
157528286
157568289
157572174
157586003
157655504
157667414
157698565
157768969
157769780
157808355
158002130
158022899
158025009
158075010
158167408
158170594
158241252
158276040
158297421
158323182
158324245
158325942
158381418
158388163
158497525
158551257
158552665
158555987
158561566
158588995
158617175
158623531
158657354
158657991
158697949
158845573
158916431
158933249
158978373
159054620
159084486
159098316
159104028
159107668
159117779
159160230
159244568
159262969
159303995
159332859
159334269
159400561
159418353
159438097
159510109
159671133
159725995
159742538
159781361
159815224
159851831
159873822
159893748
159951311
159989004
160003961
160004025
160037058
160039081
160045097
160074939
160075684
160077104
160103855
160148385
160162137
160162987
160165689
160180298
160222069
160223936
160255140
160268701
160328683
160347548
160390955
160428500
160432093
160440924
160442729
160476088
160487753
160491359
160512852
160521907
160522555
160578764
160585062
160618074
160652910
160708862
160930264
161003569
161032923
161156159
161169240
161223358
161247580
161299119
161450762
161477033
161479081
161568891
161687209
161687211
161687285
161738745
162093661
162130054
162179096
162246865
162289289
162362398
162387333
162577466
162577468
162620529
162631539
162689341
162695785
162729620
162802770
162922904
163029327
163030461
163164300
163260812
163262555
163539739
164150537
164150539
164173105
164249928
164260243
164280385
164458714
164652245
164695417
164767175
164783371
164786087
164892194
165201455
165202476
165297570
165312726
165317334
165337974
165412561
165413340
165414210
165431806
165464482
165468291
165523947
165527918
165530380
165551882
165554103
165598669
165625229
165667705
165682741
165723070
165763244
165827520
165885558
165948070
165965790
165985431
165987272
165989915
166053959
166054851
166086403
166099360
166145361
166178400
166184426
166184428
166190643
166220082
166242494
166495921
166527623
166648874
166671025
166697854
166739520
166778944
166833457
166834768
166836920
166851829
167009792
167031605
167085203
167092385
167098530
167165932
167227214
167303382
167337562
167342439
167403519
167415965
167418898
167418903
167573692
167597352
167600516
167631701
167654347
167656187
167661160
167714124
167714792
167719618
167720788
167754523
167804011
167905035
168158622
168191686
168281028
168384845
168405330
168449943
168699373
168751223
168871868
168936945
169081296
169177766
169187982
169191182
169226822
169249234
169448297
169448771
169461816
169504920
169532369
169765334
169904935
169958952
170102285
170103435
170221808
170367033
170368805
170405772
170434745
170440216
170466784
170627138
170634116
170729775
170789802
170849515
170889511
171160243
171160885
171312653
171599496
171646471
171886633
171922657
172033454
172110606
172193428
172222885
172353721
172370679
172376068
172463434
172464366
172518755
172598832
172630205
172754786
172871230
173002823
173103335
173176491
173260345
173298412
173612049
173615288
173640199
173671381
173706852
173711153
173818213
173824688
173860688
173979859
174041208
174070181
174143743
174206540
174302697
174328045
174426662
174546820
174599051
174826170
175079720
175176327
175180796
175193677
175236511
175310067
175317833
175456679
175476629
175477257
175482273
175532955
175604949
175772482
176082442
176148945
176220787
176242778
176279915
176314383
176442805
176604975
176685457
176772671
176778112
176780257
176789447
176796997
176797879
176831592
176860064
176861415
176868951
176899385
176956893
176957796
176984236
177033137
177077336
177079323
177115354
177126182
177162886
177244357
177254988
177257073
177258735
177308364
177391159
177414713
177494632
177612321
177697418
177712122
177718896
177722855
178155732
178162579
178170828
178215634
178217113
178266267
178284730
178289267
178367144
178577607
178657161
178709444
178739678
178819686
178879588
178959058
179033846
179034327
179155220
179159972
179230828
179308757
179317684
179319057
179442778
179580045
179582003
179687771
179715231
179739873
179985715
179987678
180145006
180285396
180575165
180607846
180652891
180672438
180695581
180931993
180987952
180989820
180991313
181159386
181208298
181304295
181422954
181748381
181804752
181949561
182078202
182405015
182470056
182943944
182992572
183120439
183532609
183537452
183593642
183675732
183979262
183985250
184240683
184295571
184468386
184521624
184527843
184531966
184670625
184679932
184733148
184739529
184801054
184869170
184892124
184952758
185226925
185405474
185482513
185598695
185620819
186000935
186292194
186459119
186470510
186470968
186530554
186541435
186547153
186599508
186614891
186707229
186715217
186810676
186812530
186815660
186936449
186989177
187029841
187278212
187309502
187333348
187416256
187495621
187495749
187532854
187861378
188001223
188128470
188389305
188500604
188539008
188570092
188589164
188593930
188646744
188668950
188768068
188800346
188814758
188865842
188876052
188989177
189013222
189013224
189097100
189300053
189322727
189380158
189620016
189625051
189852832
190081497
190223929
190250689
190271688
190430205
190442486
190479710
190496853
190643105
190721237
190743990
190822775
190981760
190986054
190990336
190998418
191146556
191202679
191284318
191373021
191496430
191671884
191928543
191998744
192003741
192014454
192076548
192259856
192321638
192372961
192415680
192487723
192520375
192790476
192826603
192833836
192878624
192943720
192969211
192976435
192982424
192988021
193023697
193081156
193220940
193336820
193413306
193482096
193556520
193628179
193634953
193641523
193708920
193754373
193765661
193773468
193782529
193979250
194076601
194179013
194203348
194234471
194461202
194679333
194736418
194795551
195093356
195155818
195187769
195192253
195199644
195256633
195483731
195606729
195750008
195933415
196066560
196201652
196261799
196286578
196286587
196351790
196389062
196474344
196973090
197039766
197598125
197604890
197642926
197643976
197650870
197743152
197807043
197807778
197808753
197959526
198008005
198077394
198108326
198153540
198161914
198162530
198178505
198178859
198185513
198186769
198187049
198189972
198206613
198211976
198212955
198213332
198241702
198356533
198358065
198360694
198384408
198385543
198390247
198456933
198457103
198458010
198485881
198512478
198588220
198610218
198616607
198725468
199162630
199289712
199296714
199376584
199417958
199444169
199488690
199572211
199610140
199671901
199676274
199688472
199712572
199721945
199731190
199949052
200001699
200090347
200296137
200320748
200321577
200322593
200435203
200465781
200593988
200606159
200606486
200723869
200743403
200775844
200803270
200805484
200807066
200917197
201154493
201175570
201177276
201186294
201233610
201248411
201254754
201292545
201508515
201604954
201642601
201658484
201660996
201793781
201899356
202059363
202087931
202185707
202282233
202283090
202375913
202425357
202426247
202428245
202468443
202504234
202514659
202563254
202648961
202869426
202872757
202941251
203096531
203144354
203189770
203214081
203214138
203287192
203289099
203377303
203476998
204317710
204376737
204496071
204650483
204671232
204698337
205044976
206284139
206352378
206361691
206466531
206474443
206498307
206541859
206609630
206669860
206686292
206717400
206763148
206785987
206897186
206906112
206947218
207077681
207081058
207084429
207110080
207141131
207237016
207238953
207277638
207334420
207339000
207425167
207425203
207439380
207463446
207468071
207491214
207501148
207937389
207981861
208030798
208091447
208151094
208297760
208719443
208772468
209054294
209310912
209320688
209408136
209459275
209464063
209707800
209752908
209923610
209935997
210083929
210169818
210337597
210441429
210445631
210629725
210681065
210873792
210904767
211352962
211438925
211446495
212253390
212957629
213111428
213875310
214218272
214243287
214361331
214515989
215018906
215595454
216925130
216935214
217838717
217933560
217980791
218354669
218483943
218795833
218988652
219015370
219016883
219041246
219089784
219108677
219113246
219151731
219164808
219175972
219181903
219187649
219189765
219195044
219205407
219208037
219225319
219229644
219239945
219253008
219306934
219332978
219338557
219344917
219345200
219366908
219379012
219380235
219388773
219401954
219431828
219436394
219462190
219466784
219466803
219467837
219485050
219489550
219499488
219501568
219506608
219508169
219697927
219698776
219698950
219701535
219707850
219728669
219742885
219751469
219762508
219766989
219769290
219776325
219778329
219803922
219809549
219821826
219824469
219824470
219847787
219850915
219852584
219852882
219854185
219854519
219857012
219860288
219866209
219875976
219879302
219924802
219978369
220016044
220029715
220068921
220076110
220139435
220144363
220396259
220414682
220435095
220459826
220459976
220460087
220475245
220479565
220518305
220524097
220547837
220599411
220621072
221566773
221656234
221785300
221861843
221882319
222485202
224217761
224225541
224245334
224271611
224279091
224293782
224297258
224297408
224298134
224299081
224313733
224328450
224418572
224596152
224600500
224601047
224603921
224635135
228381868
228507250
228694725
229047362
229091748
229111835
229138584
229141709
229167359
229172128
229210014
229285649
229384040
229400092
229408913
229455001
229465678
229490898
229508727
229510866
229536616
229581160
229586455
229605578
229605891
229608594
229618478
229639351
229650439
229671380
229713401
229715760
229742722
229747848
229750058
229770036
229781583
229786610
229787062
229791084
229811538
229888286
229938290
229940491
229944666
229951289
229976631
230001847
230006888
230013442
230017324
230017325
230055368
230064711
230075120
230075227
230084146
230086768
230087585
230087765
230088370
230127302
230129753
230267547
230290708
230292034
230375747
230377505
230386259
230386397
230387153
230388132
230840853
230856987
230980206
230982415
230982885
231063955
231065398
231071138
231076038
231077395
231081369
231157209
231289421
231297123
231337271
231451287
231559817
231630147
231663901
231670397
231702397
231703293
231721005
231721006
231728511
231736113
231833236
231850364
231912935
231937059
231937828
231949697
232025086
232038798
232052748
232079930
232131043
232139628
232194097
232399986
232540264
232567319
232568235
232603560
232608943
232612416
232624234
232628532
232632239
232635922
232641326
232650365
232679662
232941965
232967440
232967666
232971294
232976128
232982558
232982938
233009109
233047097
233053554
233059608
233066156
233068569
233070717
233071822
233071926
233078665
233087860
233120979
233173039
233182695
233188747
233194447
233211762
233266582
233266797
233287217
233390838
233409941
233415701
233462817
233465389
233497719
233500935
233503636
233529335
233533589
233535738
233541860
233569098
233576159
233602827
233617847
233633993
233654042
233680651
233681149
233684293
233684822
233688779
233719215
233720539
233721037
233735068
233735354
233747840
233788275
233795794
233823679
233831759
233855268
233867481
233948455
233951353
233953967
233964642
233964924
234009062
234112540
234160911
234187289
234282389
234330672
234345288
234388232
234489133
234489976
234519192
234523599
234527228
234540647
234595543
234603808
234825296
234832821
234958949
234994474
235015217
235037761
235057120
235072851
235077268
235078021
235283051
235300016
235333495
235448190
235664497
235678745
235683377
235684392
235684964
235711993
235717158
235901733
235902467
235905185
235937532
235943205
236158940
236312126
236387002
236445129
236632480
236638487
236644754
236714379
236775063
236785891
236815160
236817690
236887394
236934268
236934937
237015185
237019002
237071229
237077180
237086564
237097499
237099296
237101326
237104103
237108272
237108775
237184773
237185205
237200747
237201858
237204346
237205154
237211410
237221436
237222864
237232044
237235093
237320326
237332812
237358490
237362186
237405551
237406657
237552878
237603062
237632488
237637903
237664324
237700098
237736186
237751146
237770757
237808867
237885040
237909527
237913194
237914496
237920046
237922465
237924601
237928815
237929468
238004786
238012337
238020894
238059180
238061845
238086647
238124845
238162973
238164799
238171173
238176110
238197638
238197709
238239232
238279960
238317637
238335094
238374636
238394308
238506223
238542895
238586172
238597883
238606535
238624131
238751619
238854767
238898571
238914510
238920875
238932509
238959233
239134248
239136269
239154970
239159011
239198720
239277658
239332587
239361732
239372503
239529652
239541449
239542854
239585909
239628993
239638934
239722954
239816546
239823606
239977528
240148934
240450679
240535286
240613164
240681314
240714633
240823272
240849748
240864953
240959810
240968774
240989628
241040309
241062925
241065596
241076290
241102583
241135327
241173474
241174783
241196395
241225337
241297273
241326434
241442273
241514551
241525834
241569046
241577487
241592217
241638905
241752370
242083025
242120884
242190195
242389810
242460075
242532142
242536549
242674266
243011228
243014114
243030574
243153196
243185500
243187830
243200602
243208884
243244680
243280335
243283955
243297296
243313296
243333538
243335710
243464977
243476396
243550555
243641947
243921117
244089109
244161191
244170332
244487927
244912396
245027119
245099574
245341495
245349211
245392284
245462406
245509452
245665919
245728942
245793479
245947683
246965431
247166992
247172524
247180220
247283054
247283596
247356332
247409676
247518629
247873937
247906954
247912728
248058363
248075138
248092710
248111245
248250955
248387177
248391319
248434716
248434780
248650906
248655096
248655556
248689510
248690688
248769312
248853232
249067445
249776059
249812036
249862365
249884767
249945230
250111245
250189842
250306572
250330564
250386181
250478345
250484865
250707118
250724252
250803548
250839071
250977648
250983039
251039147
251086776
251090642
251094370
251111783
251186192
251209368
251384275
251594291
251652214
251705938
251743761
251803342
251848941
251852984
251855940
251878904
251894891
252045206
252049912
252071095
252118701
252430813
252469648
252474634
252479260
252481136
252490659
252537013
252549844
252585354
252610172
252616865
252636888
252851803
252876117
252912175
252913663
252928337
253030300
253044312
253054954
253126207
253132689
253434221
253728991
253788533
253857911
253864764
253917292
253917293
253961767
253990973
254113311
254141733
254142310
254174907
254209017
254296853
254301731
254629854
254909777
255560319
255588086
255685030
255704097
255735567
255756918
255760319
255768108
255780160
255851356
255865833
255907107
255909950
255918903
255928426
255930614
255998336
256046749
256124756
256154857
256158543
256326844
256349966
256364928
256414077
256418577
256429408
256561562
256576519
256584532
256621916
256722647
256778317
256783400
256783784
256867493
256886630
257052211
257056367
257060897
257067559
257207557
257241363
257467784
257520272
257527578
257531677
257562160
257567854
257605131
257774438
257922326
258037656
258051471
258234731
258279359
258389327
258402425
258409964
258510872
258514800
258557847
258634801
258738570
258738667
258741560
258776466
258777134
258777137
258796169
258801269
258804746
258822347
258829450
258871793
258917846
258920431
258940847
258983679
259099556
259100469
259126549
259129875
259151170
259165246
259168516
259172249
259172391
259188347
259230140
259233660
259238498
259274960
259330386
259353953
259377017
259381479
259389219
259415341
259502942
259506033
259511357
259592689
259606227
259701242
259708416
259810421
259863352
259884973
259901731
259962054
260004324
260040728
260043723
260120451
260128333
260130483
260189643
260271203
260298958
260304296
260304800
260367888
260417932
260476837
260537454
260539542
260541432
260609205
260640693
260647166
260655847
260708537
260761464
260767135
260776145
260797169
260849386
260962960
260985861
261020738
261108236
261135533
261136679
261141602
261192051
261257684
261258875
261264800
261369656
261646133
261679541
261680542
261746870
261867566
261944532
262016897
262135904
262137985
262148317
262258341
262330063
262435954
262457587
262470965
262471759
262499797
262530407
262530780
262530873
262531275
262584907
262662119
262689575
262715204
262736264
262746281
262781201
262829328
262843259
262880065
262880826
262928973
263003176
263075864
263179590
263203229
263207857
263218688
263486257
263723781
263723967
263748033
264052454
264159776
264171144
264173803
264193444
264223828
264295655
264301607
264303333
264460005
264460009
264468702
264508014
264544388
264678534
264691112
264912889
264979636
265010875
265011923
265076459
265077027
265078278
265129950
265146266
265242905
265350422
265460043
265612438
265619984
265633507
265887000
265979849
266023807
266213232
266401846
266425782
266441563
266486214
266488971
266500992
266593143
266609407
266688542
266772500
266843799
266980320
267093376
267197567
267215820
267263253
267373896
267414551
267484403
267484653
267489265
267527924
267536225
267545252
267561446
267572272
267574918
267617257
267650535
267694283
267712001
267808774
267810289
267817947
267834862
267861788
267867517
268042363
268125229
268143410
268159158
268172361
268187322
268301217
268334473
268371979
268372005
268403451
268405086
268439377
268456052
268496304
268532343
268604331
268643535
268644785
268689126
268727719
268766053
268823307
268914377
268924036
269043098
269077474
269102377
269130683
269190305
269217040
269231011
269238073
269243313
269249506
269269546
269269740
269278156
269330087
269333648
269341832
269343479
269372232
269400980
269424395
269439355
269450900
269488987
269509393
269514008
269558487
269568703
269701147
269728501
269838674
269849065
269850928
269859655
269892793
270048796
270075071
270132709
270204383
270219048
270238522
270333769
270341214
270342589
270347814
270355392
270380593
270406298
270435047
270456887
270457662
270468559
270471065
270471727
270472265
270494650
270507305
270515566
270604417
270649648
270677031
270679144
270711339
270716565
270841724
271017537
271035369
271042173
271042217
271052158
271167979
271168962
271169413
271307949
271354351
271424111
271431851
271439193
271478281
271486001
271491157
271581073
271596225
271596418
271722899
271747067
271749758
271761420
271806353
271891552
271893367
271898990
271900960
271971130
272049972
272050287
272086159
272125414
272146465
272167060
272211398
272212970
272213425
272218608
272219353
272236017
272251987
272366748
272519426
272625214
272635712
272645619
272670038
272672133
272679240
272707711
272758199
272768631
272782321
272782368
272785423
272828463
272829240
272840455
272885406
272983172
272994016
273069412
273231214
273234825
273270473
273418421
273690178
273695332
273774284
273780062
273850708
273861354
273874849
273985865
274002141
274017513
274057129
274075364
274122380
274137295
274138511
274151135
274170255
274193763
274194927
274198407
274215536
274223601
274367763
274411493
274472658
274545328
274599700
274641986
274662200
274762761
274911400
274911536
274942910
274974693
275111900
275248683
275384718
275421144
275501623
275527293
275562670
275702126
275703182
275717567
275722992
275758701
275887811
276128561
276250096
276360911
276376289
276380902
276381737
276385231
276647494
276704866
276735500
276909255
276922692
277014266
277034534
277039287
277099925
277103955
277128619
277329402
277447970
277499689
277505161
277507814
277538491
277566483
277634430
277683130
277697921
277833423
277833995
277853911
277871306
277890574
277987172
278105308
278138619
278196907
278198753
278199349
278348461
278415929
278525028
278540265
278623780
278666476
278668358
278683844
278726770
278775625
278821913
278862750
278866211
278892590
278895705
278968371
278988097
279095914
279154795
279177746
279179610
279212407
279251651
279262080
279265701
279327604
279331929
279383896
279425357
279472966
279514271
279528230
279605855
279725262
279740441
279741379
279769094
279851358
279871772
279909537
279920478
279922257
279947414
279982557
279989567
279999655
280024247
280031353
280035202
280095254
280096473
280097543
280206394
280210963
280212554
280254984
280292434
280304556
280307604
280315875
280437559
280645209
280647591
280655495
280726137
280803800
280803917
280830734
280857321
280865159
281100535
281118572
281196902
281225729
281242007
281286325
281408474
281459670
281489322
281541545
281541555
281575427
281596890
281666033
281710229
281716779
281731203
281781375
281815702
281837575
281885301
281909674
281924357
281979481
281987399
282091492
282091493
282102605
282113152
282221346
282485660
282498590
282576340
282701278
282794970
282890159
282935857
282940781
283015592
283094471
283165117
283303192
283307274
283419843
283471501
283474780
283605976
283621618
283665218
283702603
283722336
283759999
283829553
283845022
283884522
284050395
284122875
284173938
284174392
284206913
284254253
284288080
284288093
284300833
284305328
284326455
284361752
284418751
284441182
284450803
284454822
284475976
284477310
284528889
284564230
284586930
284592754
284592989
284613259
284660935
284679064
284688043
284738182
284747017
284760740
284859630
284900292
285048486
285094173
285212983
285233023
285272237
285328782
285354178
285466025
285505979
285524410
285526706
285542903
285543785
285592400
285666479
285674856
285677945
286000547
286080865
286094277
286099128
286132427
286152207
286153328
286201103
286355915
286382849
286545058
286561122
286696848
286696849
286712787
286763141
286813592
286857537
286864983
286865921
286916251
286923464
286923515
286951368
287080092
287139872
287145649
287152495
287156968
287190564
287191183
287196418
287207371
287225295
287231664
287256467
287268770
287326127
287328202
287329267
287444302
287474726
287494667
287563610
287584141
287591638
287643871
287721202
287768299
287776397
287863314
287934343
287948915
287959034
288132261
288144647
288162228
288185138
288224503
288242606
288246496
288348498
288391628
288421619
288428649
288434231
288471040
288471046
288516853
288612903
288631580
288636342
288636599
288671122
288735205
288953761
289047954
289076007
289100911
289114603
289125016
289164482
289218489
289264348
289307883
289313987
289316336
289345412
289373041
289389326
289441015
289445553
289481977
289535142
289539327
289574465
289580577
289590465
289661991
289666986
289793076
289895191
289931756
289988797
290036495
290131778
290263093
290302097
290302491
290308758
290337456
290348382
290348383
290388627
290403522
290407621
290415036
290504044
290777444
291013124
291016451
291109653
291147951
291198795
291332861
291465998
291469139
291471222
291517604
291555748
291580615
291668351
291685334
291732201
291751373
291857895
291976834
292023054
292152376
292202337
292221593
292321872
292349703
292469572
292477426
292797572
292852583
292889298
293075732
293267224
293407882
293432942
293435336
293457754
293514367
293527670
293547742
293567206
293607057
293612446
293617835
293687315
293708935
293743169
293853437
293880523
293931909
293949992
293954617
293978434
294090620
294097592
294173437
294176967
294179385
294179389
294283951
294295243
294301883
294309873
294315741
294324819
294350792
294365631
294385899
294394558
294395926
294434193
294471966
294497466
294500964
294594423
294599100
294668702
294691204
294768072
294780517
294781547
294869729
294904059
294981566
295093397
295233473
295312916
295354126
295413003
295507430
295541511
295562522
295593712
295599256
295807723
295947393
296327387
296354161
296461391
296670796
296737508
296739893
296780789
296850254
296898634
297148017
297153209
297361900
297413553
297457992
297668572
297853363
297924888
297950791
297967252
298049015
298070500
298073824
298074043
298074836
298164705
298189225
298189384
298206077
298264260
298291597
298297931
298308533
298372701
298428237
298437387
298495970
298600443
298647682
298658399
298663873
298666530
298729646
298752252
298776943
298829544
298897095
298946836
298981199
299023386
299087490
299089652
299158887
299176311
299220166
299551666
299780329
299798795
299799658
299801675
299876474
299897516
299945285
300011941
300013921
300038935
300204369
300293197
300381700
300557619
300579472
300599466
300604770
300654938
300710077
300810086
300812741
300868410
300871545
301031110
301035553
301051430
301160638
301235044
301247383
301248781
301258470
301281965
301289516
301343785
301414902
301455423
301623068
301624989
301900477
301986302
301991463
302003748
302054555
302173245
302201081
302202317
302212110
302305400
302333151
302381397
302381442
302419660
302453291
302470965
302477411
302518439
302527524
302659412
302759417
302766000
302773669
302798365
302814895
302895184
302895996
302908969
302924206
302976834
303030789
303055194
303204165
303317324
303327435
303364023
303385111
303426966
303432813
303456821
303502327
303523128
303586471
303617735
303686889
303814029
303867090
303883880
304021498
304025075
304042899
304085024
304100538
304130406
304142124
304339227
304363215
304426002
304430662
304514922
304690618
304695574
304774444
304950588
305026599
305048087
305048116
305243225
305375697
305424003
305478010
305492348
305506996
305512837
305550963
305612552
305739565
305767364
305790119
305830609
305943739
305948428
306039307
306204904
306248357
306249066
306255021
306263608
306337838
306338882
306357884
306362738
306363166
306401382
306472057
306485267
306510653
306512967
306547699
306604742
306648160
306663205
306772292
306902029
306903715
306955329
306990399
306996324
307036187
307079330
307099276
307111282
307201632
307210830
307221757
307232923
307320565
307366709
307375528
307377219
307456716
307610438
307716123
307733361
307734817
307734818
307809773
307849973
307888842
307915084
307951656
307956396
307956397
307958020
308010949
308034948
308050066
308073360
308098254
308120029
308172249
308191940
308208458
308300731
308301091
308307606
308396509
308425348
308504559
308522539
308612785
308613965
308692360
308778563
308883808
308919449
308987429
308994098
309133240
309254930
309257814
309292963
309402106
309436531
309439436
309512152
309787037
309791156
309792357
309849817
309913305
310002617
310003988
310009611
310094771
310105752
310231275
310262516
310266243
310267134
310294189
310380289
310483807
310497279
310537530
310586478
310728245
310822679
310854881
310981412
310994622
311035838
311086350
311116297
311121985
311130133
311133118
311179742
311183180
311239796
311252710
311271011
311284709
311292015
311408969
311441461
311565540
311703724
311736478
311856080
311890977
312030014
312083267
312122956
312221462
312259170
312289279
312345863
312469860
312508092
312543349
312548415
312548829
312612366
312678993
312689217
312811620
312862941
312899686
312991501
313006381
313194972
313408643
313425396
313453776
313506357
313554509
313609787
313671132
313675203
313761775
313835568
313889049
313891529
313922260
313975346
314013231
314088020
314193010
314338017
314375831
314649737
314724818
314835525
314865962
314992600
315002523
315096343
315117300
315120585
315350812
315398848
315755496
315907220
316038054
316138059
316236118
316254876
316402246
316416562
316453500
316468545
316606244
316652224
316769613
316875094
316916655
316937670
317019074
317060587
317089588
317089770
317132251
317134140
317170536
317189702
317252733
317290270
317328621
317362389
317397615
317417916
317483660
317507345
317520667
317546777
317548889
317594531
317597583
317801157
317849098
317882327
317924729
317951248
318022259
318054782
318071201
318180448
318209162
318413374
318491006
318608749
318668441
318746829
318753380
318756174
318796593
318812447
318828309
318836983
318937509
319068154
319259194
319282294
319294834
319312479
319473643
319482278
319568619
319568755
319610598
319684122
319735319
319783554
319806044
319855425
319932686
319949055
319968129
320004517
320079492
320208949
320281287
320324079
320327056
320341952
320411045
320417762
320503729
320505267
320506985
320525204
320536216
320541238
320798691
320847025
320994166
321011127
321011198
321041369
321068176
321069529
321086563
321250206
321258259
321436679
321578632
321668398
321669174
321688498
321785052
321790238
321802774
321857016
321861405
321894059
321982642
322046084
322054600
322062001
322063810
322160664
322202434
322262448
322270620
322307342
322369867
322498101
322504451
322593401
322807371
322807675
322818151
322824542
322825139
322862882
322901324
323002911
323022088
323132914
323194443
323250919
323295479
323295908
323407659
323569398
323658120
323687123
323966987
323980895
324116813
324150445
324395151
324422520
324426685
324609409
324609476
325081244
325086150
325172035
325275736
325410269
325468685
325527653
325647810
325653071
325670253
325680697
325682877
325765282
325908483
326114850
326116570
326203952
326327260
326347927
326386495
326453034
326470400
326475995
326522874
326662822
326732851
326809267
326919774
327004130
327011842
327017634
327093061
327126871
327210623
327249454
327301957
327302178
327341626
327369524
327577308
327579226
327663613
327917279
327952677
327996774
328012209
328081248
328167090
328325110
328350926
328502522
328513434
328750515
328814605
328933398
328934463
328934980
329145325
329148988
329277372
329346586
329373799
329609449
329672278
329691586
329709756
329821992
329864959
329888006
329921262
329981856
330014070
330135981
330218897
330332501
330424797
330468175
330637910
330665027
330687113
330690135
330795142
330799746
330885564
330944099
331034236
331146317
331160996
331297805
331456189
331484419
331619598
331644554
331691841
331854794
332017079
332022997
332064670
332154944
332314607
332365162
332383229
332393279
332477926
332496784
332534326
332558858
332564140
332579116
332630868
332657786
332660150
332660287
332705008
332710679
332715376
332860211
332880327
332887363
332911893
333324340
333473672
333511802
333607525
333657795
333674399
333734769
333736132
333810741
333814134
333821572
334080358
334125713
334252687
334305570
334380435
334385701
334394274
334414389
334482103
334493051
334597566
334632624
334757798
334798754
334811204
334911765
334981118
335037151
335040423
335483600
335489455
335499997
335540507
335590096
335624180
335630746
335655755
335661164
335681838
335813325
335813590
335860261
335952150
335996558
336072306
336075472
336092760
336125492
336126253
336128819
336255880
336264393
336267424
336399144
336456596
336613507
336691874
336732544
336732616
336740528
336824844
336840314
336961891
337025682
337129672
337216118
337217173
337274055
337385330
337647366
337648770
338065029
339207264
339207847
339250695
339503267
339522221
339538183
339591840
339636032
339672028
339733013
339857675
339961200
340144218
340228388
340458804
340559155
340624586
340700241
341005781
341157650
341186896
341272282
341297143
341299943
341405597
341419787
341420329
341444900
341544930
341630071
341729521
341805908
341815197
341815767
341872729
342167886
342276668
342314656
342343963
342375120
342449055
342642208
343019899
343330330
343336312
343442463
343628284
343648136
343708863
343717397
343726435
343774169
343952976
344034178
344085117
344130921
344140617
344224831
344416349
344552721
344568128
344600402
344745774
344855300
344926234
344927749
345009464
345056639
345143460
345193111
345205395
345329200
345333936
345450130
345596003
345645749
345697569
345724317
345996087
346015394
346077232
346081845
346154016
346338552
346418409
346626688
346667887
346673534
346855283
346859243
346929661
346972413
346995484
347011522
347013211
347018922
347051112
347098457
347210614
347329162
347332255
347357977
347430350
347442932
347469901
347538174
347553438
347715478
347944406
348054109
348099535
348135793
348297468
348437470
348477542
348501452
348538431
348673213
348684813
348684814
348755723
348755728
348756659
348770361
348835438
348844154
348899056
348995212
349071261
349088467
349095149
349312122
349373192
349408306
349410350
349440621
349488688
349503728
349518800
349576261
349582831
349677805
349786918
349789882
349790953
349827430
349829627
349891396
349966879
349972412
349986198
350020859
350023518
350024178
350033870
350043412
350044062
350064389
350132371
350153977
350230694
350268913
350293646
350299588
350332997
350348197
350432166
350445771
350575997
350584963
350618622
350733403
350743714
350814622
350821320
350861689
350882505
350931281
350934357
350995812
351077390
351599985
351601843
351603103
351652998
351864831
352011875
352107384
352147273
352151292
352229268
352239069
352284958
352301423
352409708
352413427
352438619
352442207
352469839
352682207
352690548
352764091
352892371
352924930
353038705
353146308
353225230
353302490
353361266
353367071
353459965
353475866
353498819
353586703
353782445
353807936
353893493
353960022
354006740
354031707
354032153
354151219
354173595
354285962
354293303
354400186
354442783
354469661
354478327
354489554
354517490
354518617
354519019
354594208
354600221
354619337
354727907
354742440
354832924
354846183
354937825
354944123
355008856
355058141
355096431
355138852
355418639
355446093
355449539
355509914
355600246
355636844
355637190
355640518
355655412
355703913
355732304
355748785
355796887
355800238
355867695
355895977
355953198
356016119
356146869
356158613
356200601
356206412
356235833
356311210
356322454
356453768
356461227
356472238
356473034
356539624
356590734
356682805
356700488
356710041
356736743
356747847
356786657
356822426
356835341
356867115
356868487
356871098
356916207
356919658
356921678
356978132
356990855
357048995
357145112
357202877
357244603
357299852
357312511
357347296
357373216
357416482
357457104
357501308
357536526
357538688
357634632
357661805
357801293
357858008
357872559
357896777
357956179
357972447
358070912
358072664
358107516
358111035
358164738
358186451
358248442
358253047
358289302
358340733
358460246
358516596
358557578
358579111
358613376
358631536
358838026
358938714
358975793
359271092
359321688
359357695
359388309
359403471
359426909
359469754
359496368
359523751
359572563
359629653
359735804
360142739
360156606
360221713
360224870
360286627
360473750
360475034
360630575
360706000
360714300
360742636
360816293
360816296
360822008
361034196
361154154
361176558
361218772
361219651
361343239
361344753
361403927
361413119
361467239
361710792
361711730
361944563
361998994
362026280
362032529
362103298
362111691
362220495
362222177
362223355
362249359
362370757
362607799
362709886
363029616
363040636
363083571
363202582
363259409
363260203
363417404
363548415
363632843
363635669
363661031
363749415
363761216
363851359
363914762
364007087
364072092
364074068
364075352
364107753
364186197
364192929
364267778
364393429
364395234
364408162
364427226
364431259
364571121
364955057
365007485
365021641
365389353
365447203
365509373
365554300
365639282
365673804
365683032
365690646
365712006
365733349
365781372
365938305
365952328
366074069
366074071
366115856
366119858
366120401
366248595
366298702
366302410
366311757
366315051
366316586
366409685
366410512
366411016
366443426
366443576
366484980
366499151
366527844
366563452
366564164
366568760
366576758
366580825
366602797
366622912
366631954
366698929
366725641
366754985
366755319
366804698
366846982
366972162
366989877
367099243
367102581
367193046
367193060
367267217
367287018
367333043
367366318
367425982
367434266
367439938
367522211
367607434
367616146
367630162
367710318
367739494
367753709
367855829
367858035
367900542
367913453
368184695
368287008
368320811
368435330
368536386
368628986
368678195
368713985
368734712
368739874
368805700
369062542
369327947
369336146
369345064
369376388
369455629
369457671
369474541
369477998
369480087
369532319
369581703
369768787
369789627
369861728
369861731
369864738
369907772
369960846
369965258
370009806
370010846
370123525
370133522
370138999
370385007
370745311
370759867
370877263
370907864
370981403
371164829
371188886
371210825
371234684
371443216
371470493
371573539
371579161
371596277
371673488
371676181
371711170
371864043
371909591
372048733
372068780
372077289
372172128
372178596
372207084
372207328
372264750
372392226
372424377
372443687
372448111
372505528
372596795
372596796
372730331
372747949
372757221
372758077
372759746
372817671
372818426
372831381
372852036
372913430
372960748
373017346
373017793
373033374
373196394
373424049
373453507
373576942
373612558
373614579
373693175
373729723
373785851
373816781
373844472
373894336
374095457
374122973
374155286
374158843
374173310
374177909
374180079
374200604
374348168
374350678
374400599
374521355
374530847
374741750
374778982
374800835
374829238
374847873
374908020
374908396
374919956
374997123
375059587
375116172
375192273
375199523
375223080
375225453
375297961
375419034
375506058
375542276
375654303
375850439
375855364
375942197
375981105
376036292
376168473
376209245
376353509
376354189
376421071
376454594
376524552
376610581
376632626
376637093
376645976
376682699
376688393
376740324
376765646
376800517
376838000
376847633
376866659
376867898
376939759
376981340
377024332
377064495
377097547
377144784
377165123
377191482
377240984
377253700
377290815
377293776
377297285
377304435
377420580
377622130
377739433
377771417
377780790
377873569
378159598
378227267
378291076
378355116
378390325
378613125
378708888
378860702
378976682
379240073
379286801
379629854
379717270
379723086
379824738
379929661
379931600
380255458
380517859
380528770
380589029
380619414
380671216
380775661
380783252
380836882
380884709
380886534
380886535
380887434
380907135
381360750
381360757
381448973
381468938
381544766
381591826
381714186
381789320
381856447
381897917
381976956
381979901
381982417
381996371
382045742
382068562
382187347
382188882
382200986
382258844
382259755
382302241
382331352
382391899
382419744
382437043
382463648
382474101
382521776
382602147
382625239
382626661
382688257
382975217
382980571
383214426
383216635
383299778
383313006
383358873
383364626
383390264
383410746
383531543
383531859
383645563
383666033
383721338
383723559
383806208
383828887
383829317
383949205
384016413
384034837
384045439
384159646
384244834
384299730
384386061
384386062
384513078
384549882
384709136
384744828
384888319
384984325
385105624
385157401
385312460
385332171
385400633
385459345
385624852
385654601
385658469
385796857
385858569
386131764
386161311
386197662
386259537
386297468
386435344
386456916
386620582
386772576
387079085
387193925
387259626
387260717
387275908
387294150
387295547
387318409
387318486
387329912
387330895
387342052
387346503
387377484
387401076
387409975
387413037
387414814
387416841
387423096
387515920
387527174
387527558
387544178
387603144
387664866
387664868
387690507
387791274
387834907
387844266
387933822
387974148
388076005
388076422
388089437
388104525
388106759
388130235
388130237
388198242
388202128
388280249
388371132
388393034
388505345
388624270
388804061
388811663
388816604
388898854
388909695
388934707
389040826
389070884
389182138
389238529
389352124
389371332
389421473
389525208
389753172
389777651
389900760
389910188
389924075
389968080
389999924
390021939
390048041
390151888
390157607
390207998
390410937
390444761
390651552
390723664
390988385
391090520
391510223
391645374
391821647
391900348
391903064
391904697
391949880
391958006
392022763
392027961
392064198
392112968
392319808
392476080
392674549
392681545
392914193
392995938
393196631
393251073
393298446
393340920
393412295
393414358
393495970
393546540
393626873
393633044
393818343
393831507
393853275
393911494
393940766
393965778
394029948
394050135
394126269
394137592
394223845
394287035
394338713
394346647
394346745
394357918
394443982
394492339
394509844
394561119
394570569
394657039
394672497
394691478
394698182
394721720
394722182
394900138
394918211
394924803
395142888
395143000
395171208
395214388
395385033
395393265
395514100
395773226
395790368
395926728
396133015
396234347
396246765
396316939
396356111
396368313
396378209
396556650
396562848
396649769
396720998
396723723
396731435
396740648
396794358
396813816
396896334
396932137
396935099
396950329
397053253
397058826
397231954
397362481
397423462
397522142
397653875
397763985
397924314
398038296
398099429
398371628
398466662
398502253
398572544
398725538
398733009
398736713
398895470
398912927
398943781
398945279
399058051
399144800
399195246
399346877
399402994
399444057
399571743
399613138
399642071
399724238
399757537
399789568
399794420
399847887
399860444
399868187
399870368
399871011
399954349
399956873
399967279
400073524
400093502
400093775
400103802
400235555
400323948
400381085
400395395
400430915
400432230
400466395
400476523
400491269
400503123
400515645
400595342
400683848
400712525
400762242
400786146
400899926
400968492
400972123
401028336
401125028
401283491
401509690
401604346
401704685
401952328
401980624
402026209
402027382
402053027
402219289
402319411
402391147
402740809
402828941
402848417
402898317
402992891
403135192
403136413
403136415
403224672
403256331
403287048
403288821
403308915
403340402
403347341
403368444
403405969
403507814
403693870
403693875
403911354
404227343
404243877
404340025
404421005
404456775
404467699
404488903
404505029
404506270
404516402
404518509
404610583
404713783
404715325
404898080
404970821
405010127
405122173
405230669
405255920
405269313
405425498
405428714
405452527
405454160
405484221
405485201
405532603
405542683
405559035
405571798
405620289
405689470
405700729
405717754
405763009
405788729
405794804
405837291
405862830
405897415
405904232
405932063
406106335
406140233
406190563
406236094
406318573
406361982
406443564
406495245
406548952
406634633
406672232
406684949
406726743
406783172
406855039
406861922
406926040
406941612
406976746
407059875
407126408
407127579
407135911
407146536
407146538
407156755
407166076
407243316
407313319
407394748
407495930
407517154
407591297
407653728
407658979
407694390
407772585
407827885
407905370
407922734
407958640
407966340
407997410
408094424
408114363
408137826
408159788
408203470
408231638
408261725
408310006
408317165
408416746
408469564
408506314
408508003
408548144
408549705
408609355
408618999
408636441
408643099
408656366
408729765
408743161
408809625
408824640
409009431
409183335
409207712
409264172
409315469
409459226
409520860
409594381
409794137
409796937
409896170
409934330
410094645
410119093
410153553
410159011
410214986
410245915
410303247
410314178
410358456
410372968
410449566
410450228
410528770
410552165
410554986
410774020
410901394
411343008
411347315
411463659
411608801
411697517
411731278
411781649
411796826
411839167
411930845
411943564
411955845
412014494
412054152
412257781
412259468
412371819
412386707
412485680
412521892
412635642
412666676
412828754
412887082
412961700
413248763
413343957
413372087
413376180
414019147
414870287
414919755
414922696
415084429
415143674
415276070
415377888
415399713
415443327
415461195
415732733
415739607
415741431
415875608
415969574
415969908
415976665
416195843
416195870
416368336
416486384
416534875
416539317
416542079
416624606
416739490
416987878
417047499
417129824
417514666
417564823
417646390
417676091
417676622
417705690
417829948
417844678
417931300
417931607
417942201
417948359
418012030
418133917
418184767
418255064
418262301
418298773
418301643
418343229
418375357
418471116
418471796
418543326
418567812
418604868
418629890
418761354
418866096
418959198
418971787
418981325
418987806
419029830
419092044
419148828
419411415
419419534
419503191
419523962
419524589
419738713
419840740
419858461
419877797
419878733
419878932
419946164
419957314
419957393
420016507
420018238
420049884
420051632
420108587
420112217
420112587
420112589
420114036
420174131
420177051
420191136
420202798
420268415
420288086
420369105
420383981
420446142
420529106
420645189
420680343
420779000
420803693
420814525
420829332
420962989
421005422
421006834
421056636
421184129
421308357
421330229
421336001
421455387
421894914
421951960
421973253
421990278
422031406
422037524
422159302
422217860
422223456
422385684
422423972
422457210
422486295
422514153
422554579
422618449
422653398
422655579
422656370
422707559
422756130
422838133
422881018
422884521
422912527
422914082
422923265
423128096
423275733
423360793
423393242
423445163
423666115
423670610
423672208
423785115
423903016
423903685
424112727
424196109
424388628
424391516
424435940
424699834
424733642
424747720
424865156
425163745
425206121
425220920
425316308
425508314
425561347
425706173
425721385
425817867
425934411
425997655
426017070
426032475
426077080
426122272
426122503
426144112
426319499
426448042
426471754
426901646
426904354
426956677
427041513
427153307
427279997
427320001
427332229
427348923
427352241
427508467
427578289
427654774
427685831
427715152
427730490
427740976
427761355
427765233
427855645
427866520
428003305
428065977
428251130
428317266
428673146
428679607
428685938
428699140
428703516
428767018
428787891
428812049
428867906
428892437
428963229
428988981
429036977
429123881
429218084
429295277
429302040
429304876
429358906
429414530
429501231
429791387
430093142
430099722
430406538
430415564
430431091
430528566
430666395
430677414
430751891
430845815
430930679
431016234
431033767
431114892
431148743
431156009
431216437
431514478
431585347
431660224
431693152
431701493
431810418
431838716
431871952
431899136
431899140
431971818
431981595
431999925
432008938
432078760
432114158
432132155
432224130
432280671
432422552
432467894
432549364
432758245
432761635
433144048
433546897
434086605
434100688
434105094
434105231
434110695
434116397
434171113
434171145
434186655
434226736
434234955
434260570
434270112
434373518
434428836
434477274
434486077
434496663
434718964
434813314
435167167
435259601
435336785
435339558
435339847
435673126
435680451
435719275
435740442
435851868
435861696
435871546
435878153
435934762
436007113
436099179
436102447
436166416
436222251
436314778
436478932
436508469
436575927
436637677
436652523
436764867
436843539
436873727
436875934
436875993
437011608
437054764
437144507
437156845
437215469
437242640
437248515
437253811
437259571
437261733
437329044
437333618
437444661
437560683
437704321
437736517
437740083
437756191
437774844
437786834
437856897
437893926
437984134
438057373
438073782
438149332
438170612
438260486
438278301
438295981
438298111
438329568
438368981
438376091
438412198
438490744
438519486
438629686
438777551
439366538
439381274
439444938
439456714
439512298
439598736
439610306
439618305
439842788
439867639
439873430
439926641
439939258
439942982
439943973
440001383
440100539
440113053
440150441
440186528
440324561
440562226
440624788
440636649
440775339
440777904
440801822
440849210
440872576
440887364
440937096
441012828
441075486
441076258
441122551
441135051
441155146
441158994
441159680
441234277
441334829
441420236
441422655
441444262
441453629
441462736
441546821
441572821
441580526
441587756
441589581
441590110
441600335
441614965
441642457
441658213
441697509
441730540
441732151
441736986
441738827
441739020
441739871
441763252
441765914
441797394
441797803
441798995
441804533
441936163
442050698
442530946
443042089
443115574
443127052
443199889
443213925
443341002
443534757
443556801
443582629
443607377
443616612
443658196
443666343
443823169
443961200
444013020
444159424
444209952
444290896
444394183
444413256
444415148
444523623
444558604
444724127
444753130
444842193
444977814
445137888
445144327
445145355
445254275
445276138
445370101
445392860
445407434
445456888
445496795
445522339
445582110
445586472
445751830
445795465
445805961
445807396
445822015
445837596
445859771
445903569
445946478
445990611
446135868
446157122
446158352
446166017
446370039
446463666
446524637
446549905
446549906
446616059
446684383
446918603
447054140
447061717
447088034
447192619
447206604
447283466
447585233
447593267
447891218
447976172
448098793
448358913
448435566
448536355
448589187
448688668
448744179
448775221
448820344
448923766
449050247
449050248
449107129
449197624
449197831
449257028
449491381
449549170
449951606
450012972
450308271
450308346
450327768
450337675
450649506
451084885
451254008
451538240
451566438
451599528
451606970
451645081
452006073
452049244
452281203
452375478
452464529
452483795
452508760
452576848
452658846
452727513
452741216
452743735
452803785
452808876
452810326
452810327
452837676
452864692
452866790
452867348
452903647
452920657
452938965
452964680
452972453
452973397
453009027
453060368
453064665
453100296
453105377
453209605
453211454
453230066
453260209
453289469
453348525
453387619
453396346
453410966
453452264
453464017
453668803
453677947
453789494
453942180
454038613
454069765
454224694
454248975
454361389
454828937
454876465
454918388
455030519
455033897
455036659
455096220
455135327
455153906
455272393
455727012
455733237
455737331
455784423
455791689
455947620
455962313
456042145
456130294
456171328
456260074
456305193
456306892
456335739
456367532
456401439
456482025
456560485
456574511
456783397
456787558
456844391
456862677
456910600
456945304
456962262
456971986
457018819
457039843
457104362
457110913
457138169
457202957
457268255
457272901
457337619
457446242
457649900
457743020
457789844
457939414
458027465
458199018
458300989
458331312
458342769
458419328
458424950
458458156
458478250
458481611
458589703
458615187
458641144
458647887
458686504
458686847
458686969
458856474
458857720
458876004
458890024
458914949
458987621
458995583
459021929
459102737
459157691
459189798
459215281
459323923
459604398
459728249
459730973
459735346
459755750
459762279
459836041
459837008
459850897
459903429
459913687
459942762
459947163
459952217
459969957
459970307
459978312
459982699
459997997
460140752
460205581
460316238
460396820
460686828
460950389
460984940
461080504
461136782
461239485
461271719
461387302
461491274
461538935
461547946
461591646
461635621
461662295
461867584
461968320
462072242
462135459
462162948
462162963
462206806
462372373
462507821
462553953
462615350
462715015
462808933
463011281
463070290
463103749
463203560
463343283
463365347
463402815
463469906
463508231
463590116
463681005
463754499
463781038
463868678
464067218
464280516
464296022
464300749
464326872
464328419
464388115
464445045
464481762
464542805
464544047
464593883
464646604
464658144
464711858
465176038
465275307
465540915
465933345
466113537
466167563
466206508
466222485
466318137
466382581
466390120
466682238
466840711
466890210
466928064
466966249
467006627
467153319
467158766
467179528
467211520
467265105
467281353
467331291
467484304
467580267
467602108
467615239
467649533
467651916
467666275
467684543
467690903
467783290
467931774
467955232
467971286
468055102
468148930
468178519
468329664
468350765
468396217
468433454
468472950
468501184
468574941
468692991
468765355
468777766
468828873
468832904
468845640
468880077
468889418
468911753
468977648
468979441
468981993
468983280
468987719
468997317
469008497
469184909
469212332
469333534
469436001
469523613
469523619
469702377
469782185
469791892
469810663
469811655
469813927
469821652
469967533
470127886
470156846
470159478
470169396
470171739
470315428
470381900
470450936
470653603
470678283
470709084
470724594
470749725
470783598
470822809
470852531
470898625
470911286
470974162
470987100
470990157
604863428
610976842
620780629
627323667
628103717
647636934
648958344
666567477
684936227
686072378
701926762
704012376
742648307
801354155
802227190
841226526
841226527
860207014
900240532
900715901
915110182
941340744
950525831
952046774
1001477809
1100766816
1101855081
1101909431
1234810324
1271152446
1400212743
1400770435
1405997635
1551345500
1712954983
1715469662
1716467085
1717732429
1718201850
1813844121
1870990135
1881298619
1884091865
1965256662
1976308113
1979500576
1980725947
1989628303
1990842033
2010186093
2016376984
2041563029
